0,20000,10000
0.005,20000,10000
0.01,20000,10000
0.015,20000,10000
0.02,20000,10000
0.025,20000,10000
0.03,20000,10000
0.035,20000,10000
0.04,20000,10000
0.045,20000,10000
0.05,20000,10000
0.055,20000,10000
0.06,20000,10000
0.065,20000,10000
0.07,20000,10000
0.075,20000,10000
0.08,20000,10000
0.085,20000,10000
0.09,20000,10000
0.095,20000,10000
0.1,20000,10000
0.105,20000,10000
0.11,20000,10000
0.115,20000,10000
0.12,20000,10000
0.125,20000,10000
0.13,20000,10000
0.135,20000,10000
0.14,20000,10000
0.145,20000,10000
0.15,20000,10000
0.155,20000,10000
0.16,20000,10000
0.165,20000,10000
0.17,20000,10000
0.175,20000,10000
0.18,20000,10000
0.185,20000,10000
0.19,20000,10000
0.195,20000,10000
0.2,20000,10000
0.205,20000,10000
0.21,20000,10000
0.215,20000,10000
0.22,20000,10000
0.225,20000,10000
0.23,20000,10000
0.235,20000,10000
0.24,20000,10000
0.245,20000,10000
0.25,20000,10000
0.255,20000,10000
0.26,20000,10000
0.265,20000,10000
0.27,20000,10000
0.275,20000,10000
0.28,20000,10000
0.285,20000,10000
0.29,20000,10000
0.295,20000,10000
0.3,20000,10000
0.305,20000,10000
0.31,20000,10000
0.315,20000,10000
0.32,20000,10000
0.325,20000,10000
0.33,20000,10000
0.335,20000,10000
0.34,20000,10000
0.345,20000,10000
0.35,20000,10000
0.355,20000,10000
0.36,20000,10000
0.365,20000,10000
0.37,20000,10000
0.375,20000,10000
0.38,20000,10000
0.385,20000,10000
0.39,20000,10000
0.395,20000,10000
0.4,20000,10000
0.405,20000,10000
0.41,20000,10000
0.415,20000,10000
0.42,20000,10000
0.425,20000,10000
0.43,20000,10000
0.435,20000,10000
0.44,20000,10000
0.445,20000,10000
0.45,20000,10000
0.455,20000,10000
0.46,20000,10000
0.465,20000,10000
0.47,20000,10000
0.475,20000,10000
0.48,20000,10000
0.485,20000,10000
0.49,20000,10000
0.495,20000,10000
0.5,20000,10000
0.505,20000,10000
0.51,20000,10000
0.515,20000,10000
0.52,20000,10000
0.525,20000,10000
0.53,20000,10000
0.535,20000,10000
0.54,20000,10000
0.545,20000,10000
0.55,20000,10000
0.555,20000,10000
0.56,20000,10000
0.565,20000,10000
0.57,20000,10000
0.575,20000,10000
0.58,20000,10000
0.585,19992,9998
0.59,20000,10000
0.595,20000,10000
0.6,20000,10000
0.605,20000,10000
0.61,20000,10000
0.615,20000,10000
0.62,20000,10000
0.625,20000,10000
0.63,20000,10000
0.635,20000,10000
0.64,20000,10000
0.645,20000,10000
0.65,20000,10000
0.655,20000,10000
0.66,20000,10000
0.665,20000,10000
0.67,20000,10000
0.675,20000,10000
0.68,20000,10000
0.685,20000,10000
0.69,20000,10000
0.695,20000,10000
0.7,20000,10000
0.705,20000,10000
0.71,20000,10000
0.715,20000,10000
0.72,20000,10000
0.725,19992,9998
0.73,20000,10000
0.735,20000,10000
0.74,19992,9998
0.745,20000,10000
0.75,19992,9998
0.755,20000,10000
0.76,20000,10000
0.765,20000,10000
0.77,19992,9998
0.775,20000,10000
0.78,20000,10000
0.785,20000,10000
0.79,20000,10000
0.795,20000,10000
0.8,20000,10000
0.805,20000,10000
0.81,20000,10000
0.815,20000,10000
0.82,20000,10000
0.825,19992,9998
0.83,20000,10000
0.835,19992,9998
0.84,20000,10000
0.845,20000,10000
0.85,19992,9998
0.855,19992,9998
0.86,19992,9998
0.865,19992,9998
0.87,20000,10000
0.875,19992,9998
0.88,19976,9994
0.885,19984,9996
0.89,19992,9998
0.895,19992,9998
0.9,20000,10000
0.905,19960,9990
0.91,19988,9996
0.915,19976,9994
0.92,19984,9996
0.925,19984,9996
0.93,19984,9996
0.935,19984,9996
0.94,19976,9994
0.945,19992,9998
0.95,19964,9986
0.955,19984,9996
0.96,19976,9994
0.965,19992,9998
0.97,19976,9994
0.975,20000,10000
0.98,19992,9998
0.985,19984,9996
0.99,19976,9994
0.995,19960,9990
1,19992,9998
1.005,19984,9996
1.01,19992,9998
1.015,19952,9988
1.02,19968,9992
1.025,19984,9996
1.03,19984,9996
1.035,19948,9986
1.04,19944,9986
1.045,19984,9996
1.05,19984,9996
1.055,19940,9984
1.06,19968,9992
1.065,19936,9984
1.07,19976,9994
1.075,19916,9978
1.08,19952,9988
1.085,19936,9984
1.09,19904,9972
1.095,19904,9974
1.1,19940,9984
1.105,19984,9996
1.11,19952,9988
1.115,19896,9972
1.12,19940,9984
1.125,19900,9974
1.13,19968,9992
1.135,19924,9980
1.14,19956,9988
1.145,19940,9984
1.15,19944,9986
1.155,19916,9978
1.16,19844,9960
1.165,19968,9992
1.17,19936,9984
1.175,19908,9976
1.18,19876,9964
1.185,19952,9986
1.19,19896,9974
1.195,19900,9974
1.2,19896,9972
1.205,19920,9978
1.21,19840,9958
1.215,19872,9968
1.22,19832,9956
1.225,19844,9958
1.23,19840,9958
1.235,19852,9962
1.24,19872,9966
1.245,19888,9972
1.25,19844,9958
1.255,19808,9950
1.26,19868,9966
1.265,19876,9966
1.27,19812,9952
1.275,19836,9956
1.28,19808,9948
1.285,19828,9956
1.29,19816,9954
1.295,19756,9934
1.3,19896,9974
1.305,19788,9942
1.31,19804,9950
1.315,19844,9960
1.32,19772,9942
1.325,19768,9936
1.33,19764,9938
1.335,19740,9932
1.34,19764,9938
1.345,19672,9916
1.35,19760,9934
1.355,19704,9920
1.36,19636,9898
1.365,19740,9928
1.37,19760,9938
1.375,19664,9906
1.38,19664,9912
1.385,19716,9926
1.39,19736,9928
1.395,19612,9898
1.4,19680,9916
1.405,19680,9916
1.41,19684,9916
1.415,19660,9904
1.42,19704,9922
1.425,19696,9918
1.43,19668,9912
1.435,19600,9888
1.44,19652,9904
1.445,19480,9860
1.45,19672,9914
1.455,19564,9880
1.46,19636,9900
1.465,19496,9866
1.47,19484,9860
1.475,19552,9880
1.48,19624,9900
1.485,19520,9866
1.49,19420,9844
1.495,19580,9872
1.5,19380,9832
1.505,19348,9820
1.51,19480,9856
1.515,19532,9866
1.52,19360,9810
1.525,19608,9892
1.53,19556,9884
1.535,19540,9876
1.54,19400,9838
1.545,19424,9840
1.55,19244,9772
1.555,19500,9864
1.56,19280,9802
1.565,19272,9794
1.57,19464,9852
1.575,19312,9794
1.58,19444,9852
1.585,19360,9826
1.59,19308,9798
1.595,19128,9748
1.6,19292,9802
1.605,19204,9760
1.61,19224,9776
1.615,19220,9754
1.62,19240,9792
1.625,19172,9762
1.63,19124,9750
1.635,19136,9732
1.64,19152,9758
1.645,19208,9748
1.65,19152,9740
1.655,19020,9722
1.66,19152,9764
1.665,19164,9770
1.67,19132,9736
1.675,19100,9754
1.68,18996,9712
1.685,19008,9718
1.69,19096,9736
1.695,19136,9742
1.7,18968,9696
1.705,18876,9680
1.71,18972,9696
1.715,18780,9642
1.72,18848,9658
1.725,18720,9612
1.73,18940,9700
1.735,18944,9698
1.74,18708,9622
1.745,19040,9718
1.75,18676,9620
1.755,18876,9678
1.76,18620,9564
1.765,18588,9578
1.77,19000,9714
1.775,18740,9626
1.78,18636,9602
1.785,18748,9628
1.79,18588,9580
1.795,18492,9560
1.8,18588,9592
1.805,18456,9526
1.81,18684,9602
1.815,18576,9580
1.82,18432,9524
1.825,18536,9534
1.83,18148,9438
1.835,18308,9468
1.84,18316,9442
1.845,18240,9336
1.85,18252,9404
1.855,18620,9584
1.86,18520,9518
1.865,18404,9500
1.87,18284,9434
1.875,18260,9456
1.88,18208,9446
1.885,18052,9386
1.89,17960,9352
1.895,18084,9418
1.9,18084,9378
1.905,17896,9314
1.91,18056,9360
1.915,18076,9336
1.92,17960,9334
1.925,18064,9384
1.93,17952,9336
1.935,17808,9276
1.94,17664,9238
1.945,17596,9166
1.95,17768,9266
1.955,17800,9288
1.96,17792,9256
1.965,17516,9204
1.97,17928,9314
1.975,17728,9300
1.98,17660,9250
1.985,17764,9212
1.99,17368,9078
1.995,17188,9010
2,17184,8964
2.005,17328,8980
2.01,17372,9032
2.015,17124,8966
2.02,17112,8996
2.025,17144,9000
2.03,17168,8972
2.035,17164,9014
2.04,17368,9060
2.045,17168,9078
2.05,17244,9046
2.055,17156,8972
2.06,17020,8932
2.065,16976,8840
2.07,17064,8892
2.075,16892,8816
2.08,16868,8838
2.085,16820,8888
2.09,17012,8964
2.095,16824,8808
2.1,16368,8622
2.105,16276,8638
2.11,16584,8748
2.115,16632,8640
2.12,16452,8582
2.125,16208,8482
2.13,16280,8576
2.135,16228,8460
2.14,16460,8482
2.145,16372,8530
2.15,15960,8394
2.155,16208,8338
2.16,16060,8350
2.165,15824,8182
2.17,15800,8146
2.175,15372,7778
2.18,15808,7916
2.185,15656,7808
2.19,15416,7682
2.195,15316,7712
2.2,15580,7952
2.205,15220,7902
2.21,14856,7760
2.215,15080,7736
2.22,15236,7870
2.225,14740,7592
2.23,15244,7828
2.235,15048,7544
2.24,14900,7474
2.245,14580,7338
2.25,14676,7352
2.255,14864,7518
2.26,15492,7928
2.265,15216,7952
2.27,15024,7692
2.275,14416,7458
2.28,14700,7502
2.285,14700,7554
2.29,15012,7654
2.295,14548,7342
2.3,14640,7224
2.305,14348,7106
2.31,14416,7112
2.315,13968,6814
2.32,13984,6732
2.325,14188,6824
2.33,13852,6636
2.335,13832,6612
2.34,14008,6732
2.345,14032,6686
2.35,14168,6788
2.355,13820,6796
2.36,13324,6204
2.365,13328,6290
2.37,13384,6078
2.375,13432,6192
2.38,13384,6246
2.385,13084,5740
2.39,13104,5568
2.395,12968,5662
2.4,12744,5210
2.405,12972,5108
2.41,12564,5004
2.415,12708,5102
2.42,12804,5044
2.425,12916,5086
2.43,12720,5054
2.435,12628,5050
2.44,12720,4878
2.445,12700,5128
2.45,12388,4702
2.455,12208,4526
2.46,11496,4066
2.465,11380,3772
2.47,11760,3796
2.475,10896,3704
2.48,11360,3866
2.485,11216,3800
2.49,11332,3554
2.495,11016,3286
2.5,11340,3290
2.505,10960,2992
2.51,10920,3072
2.515,11264,3262
2.52,11532,3374
2.525,11360,3172
2.53,11428,2804
2.535,10996,2740
2.54,10772,2526
2.545,10828,2330
2.55,10964,1862
2.555,10916,1720
2.56,10408,1574
2.565,10476,1668
2.57,10880,2142
2.575,10752,1760
2.58,10668,1204
2.585,10400,1336
2.59,10620,1448
2.595,10800,1958
2.6,10540,1586
2.605,10192,1430
2.61,10580,1700
2.615,10760,1756
2.62,10208,1760
2.625,10016,1120
2.63,9928,1020
2.635,10004,1110
2.64,9972,1002
2.645,9956,636
2.65,10392,406
2.655,10044,466
2.66,9908,140
2.665,9744,-226
2.67,9808,-168
2.675,9792,460
2.68,10000,338
2.685,9920,192
2.69,9592,-88
2.695,9584,-96
2.7,9788,212
2.705,9076,162
2.71,9496,350
2.715,9464,680
2.72,9464,898
2.725,9424,972
2.73,9560,1290
2.735,9456,1244
2.74,9584,1114
2.745,9996,934
2.75,9644,770
2.755,9440,538
2.76,9092,750
2.765,9176,0
2.77,9036,-122
2.775,9272,-190
2.78,9356,-148
2.785,9124,-138
2.79,9412,-466
2.795,9192,258
2.8,9408,274
2.805,9276,286
2.81,9348,452
2.815,9248,536
2.82,8756,568
2.825,8844,296
2.83,8912,-110
2.835,8840,84
2.84,9096,422
2.845,8664,494
2.85,9032,416
2.855,9048,-120
2.86,9004,-30
2.865,8632,-346
2.87,8804,-434
2.875,8752,-346
2.88,8508,-210
2.885,8692,-690
2.89,9072,-86
2.895,9084,-116
2.9,8940,-48
2.905,8280,-62
2.91,8448,-96
2.915,8400,346
2.92,8656,564
2.925,8448,838
2.93,8232,334
2.935,8204,354
2.94,8168,526
2.945,8284,376
2.95,8252,266
2.955,8308,664
2.96,8184,698
2.965,8376,840
2.97,8332,990
2.975,8572,780
2.98,8660,762
2.985,8500,144
2.99,8456,40
2.995,8340,-364
3,8092,-574
3.005,8312,-246
3.01,8096,120
3.015,8284,98
3.02,8196,552
3.025,8344,374
3.03,7584,594
3.035,7928,616
3.04,7732,354
3.045,8016,-46
3.05,8428,-138
3.055,7808,262
3.06,7824,382
3.065,8112,862
3.07,7788,12
3.075,7968,-318
3.08,8036,-714
3.085,7652,-464
3.09,7732,2
3.095,7988,-180
3.1,7624,-340
3.105,7672,-168
3.11,7840,-24
3.115,7968,260
3.12,7864,340
3.125,7624,204
3.13,7692,-410
3.135,7588,-112
3.14,7620,-148
3.145,7508,-284
3.15,8040,-462
3.155,7436,-366
3.16,7160,-234
3.165,7408,6
3.17,7268,104
3.175,7576,-36
3.18,7436,188
3.185,7472,300
3.19,7632,36
3.195,7656,-12
3.2,7592,14
3.205,7492,86
3.21,7368,-30
3.215,7864,-86
3.22,7620,144
3.225,7360,236
3.23,7072,280
3.235,7472,474
3.24,7388,452
3.245,7116,240
3.25,7188,-122
3.255,7268,272
3.26,7244,-262
3.265,7448,-472
3.27,7328,-452
3.275,7220,-224
3.28,6972,-224
3.285,7104,-112
3.29,6928,22
3.295,7244,244
3.3,7360,240
3.305,7108,314
3.31,6840,-210
3.315,7192,-368
3.32,7320,-438
3.325,7280,-204
3.33,6888,-450
3.335,7164,-46
3.34,6800,-168
3.345,7068,-200
3.35,7080,-158
3.355,6812,-284
3.36,6908,14
3.365,6720,138
3.37,6744,-172
3.375,6772,48
3.38,6804,128
3.385,6672,52
3.39,6900,-28
3.395,6968,64
3.4,6800,202
3.405,6936,-10
3.41,6396,158
3.415,7140,118
3.42,7020,304
3.425,6724,244
3.43,6620,252
3.435,6648,-18
3.44,6872,-198
3.445,6568,-224
3.45,6524,-282
3.455,6808,-452
3.46,6916,-440
3.465,6620,-466
3.47,6576,72
3.475,6676,182
3.48,6796,270
3.485,6996,116
3.49,6640,-158
3.495,6648,-10
3.5,6552,-22
3.505,6788,-546
3.51,6672,12
3.515,6608,-46
3.52,6564,0
3.525,6708,-368
3.53,6764,334
3.535,6552,-46
3.54,6900,50
3.545,6364,-310
3.55,6124,-176
3.555,6712,-578
3.56,6460,-586
3.565,6524,-298
3.57,6288,-118
3.575,6476,430
3.58,6608,416
3.585,6292,384
3.59,6528,360
3.595,6220,298
3.6,6356,176
3.605,6256,20
3.61,6240,254
3.615,6404,398
3.62,6360,338
3.625,6464,156
3.63,6284,534
3.635,6460,152
3.64,6112,294
3.645,6300,-282
3.65,6212,54
3.655,6468,-104
3.66,6292,-56
3.665,6192,-44
3.67,6056,-82
3.675,5844,-236
3.68,6136,-128
3.685,6404,-144
3.69,5912,-96
3.695,6216,32
3.7,6188,58
3.705,6088,-142
3.71,6268,-298
3.715,5928,-278
3.72,5872,-306
3.725,6112,-24
3.73,6120,202
3.735,6048,326
3.74,5848,-98
3.745,6060,68
3.75,5980,102
3.755,6128,188
3.76,5804,-210
3.765,5856,-388
3.77,6020,-44
3.775,5876,318
3.78,6036,30
3.785,5840,-14
3.79,6112,318
3.795,5864,78
3.8,6040,-188
3.805,5712,362
3.81,6228,56
3.815,5792,288
3.82,5720,-10
3.825,5996,126
3.83,5864,186
3.835,6140,150
3.84,5816,-76
3.845,5872,-106
3.85,5916,-220
3.855,5828,318
3.86,5820,522
3.865,6092,422
3.87,6000,-34
3.875,5752,-64
3.88,5572,316
3.885,5764,242
3.89,5880,72
3.895,5744,446
3.9,5768,-276
3.905,5856,-198
3.91,5964,-380
3.915,6092,-496
3.92,5788,-118
3.925,5404,-322
3.93,5436,-538
3.935,5880,-54
3.94,5884,148
3.945,5808,138
3.95,5712,238
3.955,5368,62
3.96,5760,-136
3.965,5780,-206
3.97,5472,-20
3.975,5572,-378
3.98,5792,-52
3.985,5476,-414
3.99,5788,-58
3.995,5352,246
4,5676,-280
4.005,5508,-292
4.01,5740,-178
4.015,5608,-334
4.02,5688,-104
4.025,5708,200
4.03,5368,-72
4.035,5416,-32
4.04,5496,-52
4.045,5540,-158
4.05,5272,-24
4.055,5380,-270
4.06,5348,104
4.065,5636,-32
4.07,5396,126
4.075,5468,38
4.08,5488,-284
4.085,5304,94
4.09,5476,-216
4.095,5232,-48
4.1,5332,-124
4.105,5420,66
4.11,5216,-284
4.115,5688,-216
4.12,5324,-220
4.125,5400,-244
4.13,5408,-66
4.135,5276,64
4.14,5404,-142
4.145,5276,-26
4.15,5196,-46
4.155,5028,68
4.16,5416,248
4.165,5244,156
4.17,5292,-300
4.175,5600,-428
4.18,5280,-126
4.185,5440,-246
4.19,5664,268
4.195,5352,-424
4.2,5176,-120
4.205,5316,22
4.21,5252,46
4.215,5476,-158
4.22,5232,-112
4.225,5444,264
4.23,5044,186
4.235,5284,-166
4.24,5412,66
4.245,5292,124
4.25,5284,82
4.255,5180,246
4.26,5296,-64
4.265,5328,-244
4.27,5316,234
4.275,4984,20
4.28,4824,-162
4.285,5452,-118
4.29,5176,-252
4.295,5244,-110
4.3,5364,-450
4.305,4940,298
4.31,5176,78
4.315,4784,178
4.32,4852,-186
4.325,5080,-108
4.33,5348,190
4.335,5148,-260
4.34,5148,44
4.345,5056,-68
4.35,5088,-368
4.355,4876,174
4.36,5088,-30
4.365,5148,-32
4.37,5140,-260
4.375,5192,-44
4.38,4900,-170
4.385,4784,60
4.39,5220,-16
4.395,5056,-212
4.4,4992,-46
4.405,4936,-200
4.41,4932,180
4.415,4788,-90
4.42,5040,142
4.425,4992,-96
4.43,4760,-64
4.435,4836,-30
4.44,4908,68
4.445,4812,84
4.45,4820,-106
4.455,5244,-346
4.46,4880,60
4.465,4656,70
4.47,5072,60
4.475,4560,-272
4.48,4872,18
4.485,4972,248
4.49,4968,104
4.495,4832,-168
4.5,4796,174
4.505,4924,-178
4.51,4792,228
4.515,4560,18
4.52,4700,116
4.525,4800,60
4.53,4720,-40
4.535,4772,-80
4.54,4864,-78
4.545,4852,-56
4.55,4644,144
4.555,5008,-288
4.56,4652,150
4.565,5020,16
4.57,4792,50
4.575,4764,194
4.58,4644,-102
4.585,4832,-216
4.59,4832,80
4.595,4480,-150
4.6,4720,128
4.605,4724,-32
4.61,4732,-220
4.615,4828,6
4.62,4680,114
4.625,4452,84
4.63,4840,-94
4.635,4928,44
4.64,4796,284
4.645,4668,188
4.65,4504,-88
4.655,4480,80
4.66,4580,282
4.665,4652,-120
4.67,4300,136
4.675,4480,96
4.68,4644,142
4.685,4552,-256
4.69,4732,88
4.695,4564,12
4.7,4904,4
4.705,4452,126
4.71,4688,-74
4.715,4632,40
4.72,4648,-82
4.725,4632,-190
4.73,4672,-72
4.735,4728,90
4.74,4792,-272
4.745,4276,-64
4.75,4588,84
4.755,4260,-100
4.76,4376,52
4.765,4168,-36
4.77,4408,-38
4.775,4496,-136
4.78,4756,92
4.785,4556,102
4.79,4676,-38
4.795,4016,-82
4.8,4564,320
4.805,4580,180
4.81,4372,-182
4.815,4364,-154
4.82,4492,-274
4.825,4272,68
4.83,4440,94
4.835,4420,212
4.84,4252,-164
4.845,4612,-138
4.85,4316,-16
4.855,4584,24
4.86,4492,-64
4.865,4672,-130
4.87,4180,-260
4.875,4272,68
4.88,4572,144
4.885,4420,216
4.89,4568,198
4.895,4088,-212
4.9,4492,-40
4.905,4328,-74
4.91,4288,-188
4.915,4544,-4
4.92,4272,-44
4.925,4168,-14
4.93,4184,262
4.935,4356,-120
4.94,4056,-24
4.945,4324,-62
4.95,4304,-74
4.955,4180,90
4.96,4292,-414
4.965,4360,90
4.97,4248,-92
4.975,4396,-106
4.98,4176,-8
4.985,4652,-142
4.99,4200,-94
4.995,4308,-56
