0.1,0,140,-110
0.1,1,-17700,-2468
0.1,2,-18592,-3668
0.1,3,-18788,-4296
0.1,4,-18940,-5214
0.1,5,-19060,-5800
0.1,6,-19192,-6508
0.1,7,-19236,-6860
0.1,8,-19292,-7212
0.1,9,-19404,-7516
0.1,10,-19408,-7736
0.1,11,-19424,-7892
0.1,12,-19436,-8072
0.1,13,-19436,-8286
0.1,14,-19464,-8442
0.1,15,-19484,-8698
0.1,16,-19512,-8930
0.1,17,-19536,-9232
0.1,18,-19564,-9414
0.1,19,-19604,-9688
0.1,20,-19652,-9880
0.1,21,-19720,-10000
0.1,22,-19720,-10000
0.1,23,-19720,-10000
0.1,24,-19720,-10000
0.1,25,-19720,-10000
0.1,26,-19720,-10000
0.1,27,-19720,-10000
0.1,28,-19720,-10000
0.1,29,-19720,-10000
0.1,30,-19720,-10000
0.1,31,-19720,-10000
0.1,32,-19720,-10000
0.1,33,-19720,-10000
0.1,34,-19720,-10000
0.1,35,-19720,-10000
0.1,36,-19720,-10000
0.1,37,-19720,-10000
0.1,38,-19720,-10000
0.1,39,-19720,-10000
0.1,40,-19720,-10000
0.1,41,-19720,-10000
0.1,42,-19720,-10000
0.1,43,-19720,-10000
0.1,44,-19720,-10000
0.1,45,-19720,-10000
0.1,46,-19720,-10000
0.1,47,-19720,-10000
0.1,48,-19720,-10000
0.1,49,-19720,-10000
0.1,50,-19720,-10000
0.1,51,-19720,-10000
0.1,52,-19720,-10000
0.1,53,-19720,-10000
0.1,54,-19720,-10000
0.1,55,-19720,-10000
0.1,56,-19720,-10000
0.1,57,-19720,-10000
0.1,58,-19720,-10000
0.1,59,-19720,-10000
0.1,60,-19720,-10000
0.1,61,-19720,-10000
0.1,62,-19720,-10000
0.1,63,-19720,-10000
0.1,64,-19720,-10000
0.1,65,-19720,-10000
0.1,66,-19720,-10000
0.1,67,-19720,-10000
0.1,68,-19720,-10000
0.1,69,-19720,-10000
0.1,70,-19720,-10000
0.1,71,-19720,-10000
0.1,72,-19720,-10000
0.1,73,-19720,-10000
0.1,74,-19720,-10000
0.1,75,-19720,-10000
0.1,76,-19720,-10000
0.1,77,-19720,-10000
0.1,78,-19720,-10000
0.1,79,-19720,-10000
0.1,80,-19720,-10000
0.1,81,-19720,-10000
0.1,82,-19720,-10000
0.1,83,-19720,-10000
0.1,84,-19720,-10000
0.1,85,-19720,-10000
0.1,86,-19720,-10000
0.1,87,-19720,-10000
0.1,88,-19720,-10000
0.1,89,-19720,-10000
0.1,90,-19720,-10000
0.1,91,-19720,-10000
0.1,92,-19720,-10000
0.1,93,-19720,-10000
0.1,94,-19720,-10000
0.1,95,-19720,-10000
0.1,96,-19720,-10000
0.1,97,-19720,-10000
0.1,98,-19720,-10000
0.1,99,-19720,-10000
1,0,-128,-184
1,1,-18044,-436
1,2,-18756,-1516
1,3,-18976,-1850
1,4,-19196,-2196
1,5,-19228,-2468
1,6,-19368,-3078
1,7,-19472,-3568
1,8,-19528,-3796
1,9,-19544,-3808
1,10,-19544,-4158
1,11,-19576,-4196
1,12,-19592,-4524
1,13,-19616,-4704
1,14,-19628,-4900
1,15,-19628,-4988
1,16,-19640,-5156
1,17,-19648,-5294
1,18,-19680,-5542
1,19,-19656,-5580
1,20,-19688,-5936
1,21,-19692,-6286
1,22,-19752,-6570
1,23,-19768,-6856
1,24,-19824,-7226
1,25,-19848,-7362
1,26,-19840,-7662
1,27,-19856,-7654
1,28,-19844,-7796
1,29,-19876,-7986
1,30,-19888,-8260
1,31,-19936,-8498
1,32,-19920,-8646
1,33,-19988,-8742
1,34,-20004,-8766
1,35,-20020,-8946
1,36,-20008,-9114
1,37,-20040,-9334
1,38,-20076,-9510
1,39,-20096,-9710
1,40,-20164,-9908
1,41,-20224,-9994
1,42,-20212,-9990
1,43,-20240,-9998
1,44,-20216,-9992
1,45,-20208,-9990
1,46,-20216,-9992
1,47,-20216,-9992
1,48,-20220,-9992
1,49,-20248,-10000
1,50,-20224,-9994
1,51,-20204,-9988
1,52,-20220,-9992
1,53,-20212,-9990
1,54,-20224,-9994
1,55,-20204,-9988
1,56,-20180,-9982
1,57,-20248,-10000
1,58,-20208,-9990
1,59,-20216,-9992
1,60,-20208,-9990
1,61,-20232,-9996
1,62,-20216,-9992
1,63,-20204,-9988
1,64,-20216,-9992
1,65,-20208,-9990
1,66,-20224,-9994
1,67,-20224,-9994
1,68,-20232,-9996
1,69,-20216,-9992
1,70,-20224,-9994
1,71,-20240,-9998
1,72,-20248,-10000
1,73,-20240,-9998
1,74,-20208,-9990
1,75,-20232,-9996
1,76,-20232,-9996
1,77,-20224,-9994
1,78,-20224,-9994
1,79,-20232,-9996
1,80,-20232,-9996
1,81,-20208,-9990
1,82,-20176,-9982
1,83,-20224,-9994
1,84,-20232,-9996
1,85,-20216,-9992
1,86,-20228,-9994
1,87,-20216,-9992
1,88,-20232,-9996
1,89,-20240,-9998
1,90,-20232,-9996
1,91,-20216,-9992
1,92,-20160,-9978
1,93,-20248,-10000
1,94,-20216,-9992
1,95,-20208,-9990
1,96,-20216,-9992
1,97,-20224,-9994
1,98,-20224,-9994
1,99,-20224,-9992
2.5,0,-148,-36
2.5,1,-11104,244
2.5,2,-11184,686
2.5,3,-11352,94
2.5,4,-11544,-286
2.5,5,-11288,-436
2.5,6,-11180,-788
2.5,7,-11512,-656
2.5,8,-11560,24
2.5,9,-10964,316
2.5,10,-11488,674
2.5,11,-11000,766
2.5,12,-11084,718
2.5,13,-11208,606
2.5,14,-11308,246
2.5,15,-11304,-16
2.5,16,-10856,508
2.5,17,-11068,1078
2.5,18,-11100,198
2.5,19,-11248,-242
2.5,20,-11156,-654
2.5,21,-11352,-1180
2.5,22,-11192,-1132
2.5,23,-11200,-332
2.5,24,-11036,22
2.5,25,-11048,-382
2.5,26,-11312,-476
2.5,27,-11340,-1088
2.5,28,-11752,-1126
2.5,29,-11144,-274
2.5,30,-11456,-32
2.5,31,-11184,-838
2.5,32,-11152,-496
2.5,33,-11336,-766
2.5,34,-11320,-820
2.5,35,-11576,20
2.5,36,-11252,808
2.5,37,-10996,248
2.5,38,-10820,112
2.5,39,-11060,-158
2.5,40,-11748,-558
2.5,41,-11432,-892
2.5,42,-11196,-1022
2.5,43,-11452,-1194
2.5,44,-11496,-996
2.5,45,-11608,-808
2.5,46,-11168,-718
2.5,47,-11260,726
2.5,48,-11108,1198
2.5,49,-11644,1746
2.5,50,-11344,242
2.5,51,-11384,-142
2.5,52,-11380,478
2.5,53,-11712,98
2.5,54,-11232,-486
2.5,55,-11076,-1616
2.5,56,-11288,-1978
2.5,57,-11736,-1756
2.5,58,-11404,-1642
2.5,59,-11132,-1202
2.5,60,-11260,-710
2.5,61,-11212,-836
2.5,62,-11316,-452
2.5,63,-11788,-676
2.5,64,-11444,-1328
2.5,65,-12008,-246
2.5,66,-11344,-498
2.5,67,-11208,-190
2.5,68,-11528,56
2.5,69,-11072,-904
2.5,70,-11076,-514
2.5,71,-11312,632
2.5,72,-11464,944
2.5,73,-11456,-212
2.5,74,-11224,72
2.5,75,-10960,562
2.5,76,-10968,734
2.5,77,-11100,998
2.5,78,-11228,-318
2.5,79,-11352,-340
2.5,80,-11440,-212
2.5,81,-11704,-1176
2.5,82,-11252,-4
2.5,83,-11232,294
2.5,84,-11496,1026
2.5,85,-10972,1486
2.5,86,-11676,-24
2.5,87,-11628,776
2.5,88,-11472,466
2.5,89,-11580,472
2.5,90,-11352,-808
2.5,91,-11620,-72
2.5,92,-11232,-68
2.5,93,-11428,722
2.5,94,-11124,582
2.5,95,-11788,416
2.5,96,-11708,284
2.5,97,-11048,96
2.5,98,-10964,474
2.5,99,-11564,448
5,0,232,66
5,1,-3940,-260
5,2,-3924,392
5,3,-3948,-20
5,4,-3980,396
5,5,-3656,268
5,6,-3644,-118
5,7,-3844,130
5,8,-3780,286
5,9,-3724,120
5,10,-3860,186
5,11,-3928,-72
5,12,-3936,-38
5,13,-3744,-226
5,14,-3500,172
5,15,-3748,170
5,16,-3932,-140
5,17,-3680,34
5,18,-3756,-56
5,19,-3752,-10
5,20,-3872,66
5,21,-3712,330
5,22,-3732,-300
5,23,-3876,174
5,24,-4024,138
5,25,-4048,-34
5,26,-3808,96
5,27,-3828,-4
5,28,-3932,188
5,29,-3664,-374
5,30,-3824,-62
5,31,-3720,-350
5,32,-3844,-278
5,33,-3904,-358
5,34,-3852,146
5,35,-3632,-208
5,36,-3528,248
5,37,-3936,76
5,38,-3856,-178
5,39,-3832,-378
5,40,-3724,62
5,41,-3740,-22
5,42,-4116,-222
5,43,-3804,6
5,44,-4000,164
5,45,-3856,304
5,46,-3716,248
5,47,-4012,-272
5,48,-3648,-106
5,49,-3996,-124
5,50,-3840,282
5,51,-3672,82
5,52,-3824,-240
5,53,-3808,52
5,54,-3976,100
5,55,-3884,-124
5,56,-4004,6
5,57,-3672,18
5,58,-3660,-206
5,59,-3768,36
5,60,-3932,-28
5,61,-3688,-102
5,62,-3832,460
5,63,-4284,-416
5,64,-3720,168
5,65,-3728,34
5,66,-3884,-194
5,67,-3792,-240
5,68,-3620,114
5,69,-3988,-46
5,70,-3592,22
5,71,-3664,194
5,72,-3624,-218
5,73,-3728,-24
5,74,-3924,-86
5,75,-3796,0
5,76,-3720,212
5,77,-4288,340
5,78,-4112,68
5,79,-3896,-72
5,80,-3740,-162
5,81,-3752,-136
5,82,-3996,280
5,83,-3792,56
5,84,-3628,420
5,85,-3664,-318
5,86,-3848,124
5,87,-3968,-292
5,88,-3776,-98
5,89,-3624,128
5,90,-3644,426
5,91,-3860,140
5,92,-3664,-114
5,93,-3724,68
5,94,-4008,-4
5,95,-3672,144
5,96,-3876,6
5,97,-3872,222
5,98,-3848,334
5,99,-3680,88
0.1,0,80,-10
0.1,1,-17724,-540
0.1,2,-18232,-974
0.1,3,-18492,-938
0.1,4,-18688,-1148
0.1,5,-18768,-836
0.1,6,-18864,-896
0.1,7,-18912,-1176
0.1,8,-18968,-1280
0.1,9,-19008,-1422
0.1,10,-19020,-1296
0.1,11,-19028,-1084
0.1,12,-19032,-1024
0.1,13,-19032,-952
0.1,14,-19032,-1014
0.1,15,-19032,-764
0.1,16,-19032,-816
0.1,17,-19032,-882
0.1,18,-19032,-780
0.1,19,-19032,-1014
0.1,20,-19032,-772
0.1,21,-19032,-858
0.1,22,-19032,-878
0.1,23,-19032,-1076
0.1,24,-19032,-874
0.1,25,-19032,-608
0.1,26,-19032,-908
0.1,27,-19032,-766
0.1,28,-19032,-750
0.1,29,-19032,-470
0.1,30,-19032,-378
0.1,31,-19032,-480
0.1,32,-19032,-502
0.1,33,-19032,-546
0.1,34,-19032,-326
0.1,35,-19032,-386
0.1,36,-19032,-340
0.1,37,-19032,-396
0.1,38,-19032,-530
0.1,39,-19032,-596
0.1,40,-19032,-452
0.1,41,-19032,-412
0.1,42,-19032,-422
0.1,43,-19032,-572
0.1,44,-19032,-458
0.1,45,-19032,-606
0.1,46,-19032,-748
0.1,47,-19032,-700
0.1,48,-19032,-1016
0.1,49,-19032,-1044
0.1,50,-19032,-814
0.1,51,-19032,-864
0.1,52,-19032,-536
0.1,53,-19032,-526
0.1,54,-19032,-516
0.1,55,-19032,-208
0.1,56,-19032,-96
0.1,57,-19032,-146
0.1,58,-19032,-170
0.1,59,-19032,-364
0.1,60,-19032,-288
0.1,61,-19032,-334
0.1,62,-19032,-468
0.1,63,-19032,-144
0.1,64,-19032,-166
0.1,65,-19032,-218
0.1,66,-19032,78
0.1,67,-19032,224
0.1,68,-19032,322
0.1,69,-19032,266
0.1,70,-19032,360
0.1,71,-19032,560
0.1,72,-19032,524
0.1,73,-19032,744
0.1,74,-19032,822
0.1,75,-19032,1012
0.1,76,-19032,1332
0.1,77,-19032,1318
0.1,78,-19032,1450
0.1,79,-19032,1420
0.1,80,-19032,1370
0.1,81,-19032,1388
0.1,82,-19032,1330
0.1,83,-19032,1296
0.1,84,-19032,1180
0.1,85,-19032,1296
0.1,86,-19032,1004
0.1,87,-19032,968
0.1,88,-19032,1016
0.1,89,-19032,1096
0.1,90,-19032,1186
0.1,91,-19032,1330
0.1,92,-19032,1180
0.1,93,-19032,810
0.1,94,-19032,704
0.1,95,-19032,700
0.1,96,-19032,894
0.1,97,-19032,704
0.1,98,-19032,612
0.1,99,-19032,486
1,0,-104,130
1,1,-17916,656
1,2,-18348,752
1,3,-18560,1142
1,4,-18780,1574
1,5,-18932,1914
1,6,-19100,2330
1,7,-19228,2836
1,8,-19336,3052
1,9,-19428,3694
1,10,-19492,4008
1,11,-19596,4380
1,12,-19688,4670
1,13,-19704,4948
1,14,-19708,5140
1,15,-19716,5276
1,16,-19732,5386
1,17,-19732,5712
1,18,-19724,6028
1,19,-19792,6278
1,20,-19752,6474
1,21,-19788,6796
1,22,-19768,6912
1,23,-19808,7128
1,24,-19816,7222
1,25,-19820,7446
1,26,-19840,7576
1,27,-19884,7850
1,28,-19896,8104
1,29,-19888,8240
1,30,-19916,8424
1,31,-19932,8596
1,32,-19976,8924
1,33,-20016,9170
1,34,-19992,9348
1,35,-20048,9548
1,36,-20060,9796
1,37,-20164,9964
1,38,-20200,9998
1,39,-20168,9990
1,40,-20192,9996
1,41,-20200,9998
1,42,-20160,9988
1,43,-20188,9994
1,44,-20168,9990
1,45,-20200,9998
1,46,-20192,9996
1,47,-20200,9998
1,48,-20168,9990
1,49,-20208,10000
1,50,-20184,9994
1,51,-20200,9998
1,52,-20160,9988
1,53,-20208,10000
1,54,-20188,9994
1,55,-20168,9990
1,56,-20176,9992
1,57,-20192,9996
1,58,-20176,9992
1,59,-20168,9990
1,60,-20176,9992
1,61,-20208,10000
1,62,-20192,9996
1,63,-20184,9994
1,64,-20192,9996
1,65,-20184,9994
1,66,-20184,9994
1,67,-20192,9996
1,68,-20160,9988
1,69,-20184,9994
1,70,-20192,9996
1,71,-20184,9994
1,72,-20168,9990
1,73,-20168,9990
1,74,-20136,9982
1,75,-20184,9994
1,76,-20184,9994
1,77,-20160,9988
1,78,-20168,9990
1,79,-20184,9994
1,80,-20200,9998
1,81,-20176,9992
1,82,-20168,9990
1,83,-20176,9992
1,84,-20192,9996
1,85,-20192,9996
1,86,-20192,9996
1,87,-20160,9988
1,88,-20192,9996
1,89,-20184,9994
1,90,-20184,9994
1,91,-20176,9992
1,92,-20168,9990
1,93,-20168,9990
1,94,-20208,10000
1,95,-20192,9996
1,96,-20200,9998
1,97,-20176,9992
1,98,-20176,9992
1,99,-20192,9996
2.5,0,-32,-84
2.5,1,-10864,114
2.5,2,-10968,-292
2.5,3,-11104,-714
2.5,4,-11264,-1084
2.5,5,-11016,-816
2.5,6,-11308,-854
2.5,7,-11048,-1052
2.5,8,-11140,-802
2.5,9,-11088,-564
2.5,10,-10812,410
2.5,11,-10604,482
2.5,12,-11204,616
2.5,13,-10916,480
2.5,14,-11448,-1180
2.5,15,-11684,-918
2.5,16,-10844,-486
2.5,17,-11052,-630
2.5,18,-10780,-472
2.5,19,-10924,270
2.5,20,-10932,162
2.5,21,-11348,12
2.5,22,-10960,-468
2.5,23,-10904,-648
2.5,24,-10916,-164
2.5,25,-10956,-404
2.5,26,-11056,-370
2.5,27,-11164,70
2.5,28,-11016,158
2.5,29,-11060,86
2.5,30,-11200,1122
2.5,31,-11052,1102
2.5,32,-11100,1090
2.5,33,-11228,1428
2.5,34,-11636,928
2.5,35,-11148,1110
2.5,36,-10628,260
2.5,37,-10756,434
2.5,38,-11336,-400
2.5,39,-11292,10
2.5,40,-11116,478
2.5,41,-11204,-450
2.5,42,-10836,-214
2.5,43,-11220,142
2.5,44,-11644,344
2.5,45,-11252,256
2.5,46,-11164,414
2.5,47,-11468,928
2.5,48,-11076,708
2.5,49,-11136,-14
2.5,50,-10988,-196
2.5,51,-10960,-376
2.5,52,-11120,-326
2.5,53,-10900,-308
2.5,54,-11060,-228
2.5,55,-10824,-858
2.5,56,-11300,92
2.5,57,-11232,510
2.5,58,-11424,882
2.5,59,-11040,700
2.5,60,-10784,-96
2.5,61,-11616,-114
2.5,62,-10908,-308
2.5,63,-11092,282
2.5,64,-11288,1086
2.5,65,-10920,-266
2.5,66,-10892,496
2.5,67,-11476,1440
2.5,68,-11508,1066
2.5,69,-11204,1334
2.5,70,-11120,1032
2.5,71,-11292,554
2.5,72,-11520,502
2.5,73,-11436,-502
2.5,74,-11124,-856
2.5,75,-11060,-1606
2.5,76,-11188,-1154
2.5,77,-10940,-14
2.5,78,-11168,60
2.5,79,-11076,596
2.5,80,-11692,-30
2.5,81,-11172,-184
2.5,82,-11160,-408
2.5,83,-11232,-564
2.5,84,-10512,-1034
2.5,85,-11512,-1142
2.5,86,-11280,-708
2.5,87,-11472,-200
2.5,88,-11040,410
2.5,89,-11248,382
2.5,90,-11512,16
2.5,91,-11080,158
2.5,92,-11116,-116
2.5,93,-10956,-576
2.5,94,-11076,-470
2.5,95,-11228,-40
2.5,96,-10540,-530
2.5,97,-10684,-634
2.5,98,-11068,-110
2.5,99,-11504,56
5,0,260,134
5,1,-3700,-238
5,2,-3788,-44
5,3,-3676,-10
5,4,-3632,-78
5,5,-3908,118
5,6,-3804,-24
5,7,-3820,82
5,8,-3936,278
5,9,-4216,-296
5,10,-3744,-146
5,11,-3612,-30
5,12,-3676,-196
5,13,-3588,102
5,14,-3716,64
5,15,-3808,158
5,16,-3968,-248
5,17,-3676,-8
5,18,-3536,-170
5,19,-3760,246
5,20,-3600,26
5,21,-3624,-162
5,22,-3616,-140
5,23,-4036,-128
5,24,-3832,-320
5,25,-3872,314
5,26,-3384,-176
5,27,-3716,60
5,28,-3844,136
5,29,-3880,40
5,30,-3984,-136
5,31,-3732,126
5,32,-3960,54
5,33,-3692,-76
5,34,-3700,444
5,35,-3708,176
5,36,-3616,40
5,37,-3984,-102
5,38,-3628,180
5,39,-3788,20
5,40,-3736,108
5,41,-3872,-164
5,42,-3884,-36
5,43,-3532,12
5,44,-3592,-50
5,45,-3688,34
5,46,-3840,-84
5,47,-3936,228
5,48,-3972,-354
5,49,-3876,-80
5,50,-3684,-370
5,51,-4168,12
5,52,-3796,-248
5,53,-3396,-254
5,54,-3952,98
5,55,-4060,78
5,56,-3608,154
5,57,-3856,454
5,58,-3756,0
5,59,-3712,-70
5,60,-3884,244
5,61,-3528,-144
5,62,-3988,-44
5,63,-3780,-90
5,64,-3712,-330
5,65,-3792,112
5,66,-3548,-100
5,67,-3488,-52
5,68,-3760,-182
5,69,-3772,10
5,70,-3832,70
5,71,-3892,226
5,72,-3808,-166
5,73,-3880,90
5,74,-3788,48
5,75,-3900,156
5,76,-4000,-398
5,77,-3756,282
5,78,-3728,48
5,79,-3800,-10
5,80,-3604,80
5,81,-3960,-42
5,82,-4132,-62
5,83,-3492,-32
5,84,-3732,8
5,85,-3764,198
5,86,-3768,-64
5,87,-3688,-148
5,88,-3668,-20
5,89,-3892,-136
5,90,-3844,-96
5,91,-3768,-120
5,92,-3720,106
5,93,-3844,44
5,94,-3956,-344
5,95,-3464,-156
5,96,-3760,108
5,97,-3984,56
5,98,-3904,184
5,99,-3944,-6
0.1,0,56,-64
0.1,1,-17780,-254
0.1,2,-18388,-226
0.1,3,-18624,20
0.1,4,-18724,82
0.1,5,-18800,-228
0.1,6,-18876,34
0.1,7,-18916,168
0.1,8,-18968,138
0.1,9,-19040,30
0.1,10,-19104,-328
0.1,11,-19120,-368
0.1,12,-19128,-480
0.1,13,-19136,-552
0.1,14,-19140,-702
0.1,15,-19168,-1020
0.1,16,-19184,-1114
0.1,17,-19204,-1306
0.1,18,-19204,-1644
0.1,19,-19224,-2088
0.1,20,-19240,-2476
0.1,21,-19260,-2856
0.1,22,-19276,-3228
0.1,23,-19300,-3558
0.1,24,-19308,-3670
0.1,25,-19324,-3800
0.1,26,-19340,-4052
0.1,27,-19344,-4304
0.1,28,-19360,-4528
0.1,29,-19372,-4632
0.1,30,-19384,-4630
0.1,31,-19396,-4800
0.1,32,-19404,-5076
0.1,33,-19420,-5444
0.1,34,-19432,-5702
0.1,35,-19452,-5986
0.1,36,-19460,-6250
0.1,37,-19488,-6508
0.1,38,-19496,-6672
0.1,39,-19512,-6988
0.1,40,-19536,-7332
0.1,41,-19544,-7572
0.1,42,-19560,-7684
0.1,43,-19580,-7956
0.1,44,-19604,-8104
0.1,45,-19616,-8392
0.1,46,-19648,-8746
0.1,47,-19668,-8956
0.1,48,-19700,-9232
0.1,49,-19744,-9558
0.1,50,-19788,-9784
0.1,51,-19880,-10000
0.1,52,-19880,-10000
0.1,53,-19880,-10000
0.1,54,-19880,-10000
0.1,55,-19880,-10000
0.1,56,-19880,-10000
0.1,57,-19880,-10000
0.1,58,-19880,-10000
0.1,59,-19880,-10000
0.1,60,-19880,-10000
0.1,61,-19880,-10000
0.1,62,-19880,-10000
0.1,63,-19880,-10000
0.1,64,-19880,-10000
0.1,65,-19880,-10000
0.1,66,-19880,-10000
0.1,67,-19880,-10000
0.1,68,-19880,-10000
0.1,69,-19880,-10000
0.1,70,-19880,-10000
0.1,71,-19880,-10000
0.1,72,-19880,-10000
0.1,73,-19880,-10000
0.1,74,-19880,-10000
0.1,75,-19880,-10000
0.1,76,-19880,-10000
0.1,77,-19880,-10000
0.1,78,-19880,-10000
0.1,79,-19880,-10000
0.1,80,-19880,-10000
0.1,81,-19880,-10000
0.1,82,-19880,-10000
0.1,83,-19880,-10000
0.1,84,-19880,-10000
0.1,85,-19880,-10000
0.1,86,-19880,-10000
0.1,87,-19880,-10000
0.1,88,-19880,-10000
0.1,89,-19880,-10000
0.1,90,-19880,-10000
0.1,91,-19880,-10000
0.1,92,-19880,-10000
0.1,93,-19880,-10000
0.1,94,-19880,-10000
0.1,95,-19880,-10000
0.1,96,-19880,-10000
0.1,97,-19880,-10000
0.1,98,-19880,-10000
0.1,99,-19880,-10000
1,0,172,14
1,1,-17228,-474
1,2,-17988,46
1,3,-18280,-2
1,4,-18428,-10
1,5,-18632,-106
1,6,-18672,-6
1,7,-18704,-142
1,8,-18776,-378
1,9,-18752,-774
1,10,-18800,-714
1,11,-18788,-782
1,12,-18772,-806
1,13,-18776,-594
1,14,-18780,-546
1,15,-18764,-664
1,16,-18800,-948
1,17,-18764,-932
1,18,-18788,-990
1,19,-18784,-986
1,20,-18820,-1068
1,21,-18808,-980
1,22,-18784,-1042
1,23,-18808,-1050
1,24,-18816,-1188
1,25,-18784,-1040
1,26,-18816,-866
1,27,-18772,-766
1,28,-18804,-792
1,29,-18800,-746
1,30,-18820,-940
1,31,-18804,-1028
1,32,-18804,-1150
1,33,-18808,-1224
1,34,-18792,-1294
1,35,-18752,-1624
1,36,-18808,-1630
1,37,-18816,-1740
1,38,-18788,-1868
1,39,-18772,-1938
1,40,-18772,-2228
1,41,-18824,-1924
1,42,-18776,-1732
1,43,-18788,-1774
1,44,-18800,-2016
1,45,-18816,-1760
1,46,-18788,-1776
1,47,-18792,-1608
1,48,-18796,-1690
1,49,-18832,-1458
1,50,-18768,-1486
1,51,-18744,-1430
1,52,-18796,-1518
1,53,-18792,-1376
1,54,-18796,-1178
1,55,-18760,-1144
1,56,-18724,-958
1,57,-18820,-850
1,58,-18828,-1134
1,59,-18808,-1444
1,60,-18788,-1562
1,61,-18776,-2082
1,62,-18804,-2182
1,63,-18804,-2420
1,64,-18792,-2790
1,65,-18788,-2758
1,66,-18800,-2828
1,67,-18800,-2838
1,68,-18772,-2756
1,69,-18788,-2648
1,70,-18788,-2612
1,71,-18812,-2498
1,72,-18796,-2676
1,73,-18788,-2648
1,74,-18784,-2870
1,75,-18820,-2878
1,76,-18792,-3096
1,77,-18788,-3090
1,78,-18768,-2942
1,79,-18780,-2998
1,80,-18800,-2768
1,81,-18804,-2694
1,82,-18832,-2772
1,83,-18832,-2952
1,84,-18788,-2974
1,85,-18780,-3252
1,86,-18804,-3354
1,87,-18812,-3512
1,88,-18784,-3714
1,89,-18828,-4034
1,90,-18792,-4184
1,91,-18788,-4498
1,92,-18796,-4572
1,93,-18808,-4656
1,94,-18776,-4590
1,95,-18772,-4622
1,96,-18812,-4452
1,97,-18796,-4438
1,98,-18820,-4474
1,99,-18792,-4376
2.5,0,-188,12
2.5,1,-11456,-412
2.5,2,-10716,-768
2.5,3,-11164,-450
2.5,4,-11168,344
2.5,5,-11584,276
2.5,6,-11284,694
2.5,7,-11240,402
2.5,8,-12056,870
2.5,9,-11428,850
2.5,10,-11648,610
2.5,11,-11284,172
2.5,12,-11012,616
2.5,13,-10932,958
2.5,14,-11424,914
2.5,15,-11180,40
2.5,16,-11020,-526
2.5,17,-11352,-216
2.5,18,-11804,-634
2.5,19,-11588,-1200
2.5,20,-11532,-980
2.5,21,-11408,-1074
2.5,22,-11404,-292
2.5,23,-11560,-146
2.5,24,-11200,128
2.5,25,-11300,118
2.5,26,-11580,-212
2.5,27,-11652,-56
2.5,28,-11616,224
2.5,29,-11704,66
2.5,30,-11604,-276
2.5,31,-11368,-562
2.5,32,-11744,-948
2.5,33,-11512,-1332
2.5,34,-11292,-590
2.5,35,-11380,-244
2.5,36,-11612,-768
2.5,37,-11012,-552
2.5,38,-11652,-780
2.5,39,-11424,-480
2.5,40,-11500,-220
2.5,41,-11872,112
2.5,42,-11360,-126
2.5,43,-11336,256
2.5,44,-11492,338
2.5,45,-11440,1044
2.5,46,-11492,870
2.5,47,-11536,1350
2.5,48,-11580,1250
2.5,49,-11420,14
2.5,50,-11524,450
2.5,51,-11348,-118
2.5,52,-11132,-416
2.5,53,-11652,-474
2.5,54,-11396,-52
2.5,55,-11120,610
2.5,56,-11272,220
2.5,57,-11256,730
2.5,58,-11524,890
2.5,59,-11456,1210
2.5,60,-12028,1242
2.5,61,-11524,1510
2.5,62,-11808,1224
2.5,63,-11964,1100
2.5,64,-11556,370
2.5,65,-11248,-712
2.5,66,-11624,-1354
2.5,67,-11508,-1556
2.5,68,-11512,-880
2.5,69,-11924,-460
2.5,70,-11504,252
2.5,71,-11092,458
2.5,72,-11396,842
2.5,73,-11260,590
2.5,74,-11492,184
2.5,75,-11444,796
2.5,76,-11652,422
2.5,77,-11944,-172
2.5,78,-11448,-1006
2.5,79,-11668,-1098
2.5,80,-11340,-1388
2.5,81,-11152,-2192
2.5,82,-11372,-1984
2.5,83,-11480,-2448
2.5,84,-11892,-2138
2.5,85,-11416,-1914
2.5,86,-11304,-1868
2.5,87,-11620,-1628
2.5,88,-11804,-894
2.5,89,-11616,-198
2.5,90,-11304,312
2.5,91,-11320,622
2.5,92,-11604,950
2.5,93,-11616,1078
2.5,94,-11616,352
2.5,95,-11508,118
2.5,96,-11588,-174
2.5,97,-11816,414
2.5,98,-11796,496
2.5,99,-11532,132
5,0,-140,8
5,1,-4456,176
5,2,-4344,-34
5,3,-4492,-388
5,4,-4448,52
5,5,-4504,-136
5,6,-4412,-290
5,7,-4560,-6
5,8,-4780,-114
5,9,-4436,6
5,10,-4412,-50
5,11,-4168,24
5,12,-4612,-58
5,13,-4364,208
5,14,-4708,-94
5,15,-4436,244
5,16,-4460,32
5,17,-4576,-388
5,18,-4508,128
5,19,-4376,-198
5,20,-4720,122
5,21,-4728,22
5,22,-4480,222
5,23,-4552,-328
5,24,-4248,132
5,25,-4748,58
5,26,-4500,-230
5,27,-4976,-6
5,28,-4320,134
5,29,-4336,-372
5,30,-4660,-212
5,31,-4572,104
5,32,-4652,42
5,33,-4392,-70
5,34,-4316,-80
5,35,-4448,-162
5,36,-4612,78
5,37,-4288,-190
5,38,-4460,-96
5,39,-4452,-212
5,40,-4652,-304
5,41,-4512,80
5,42,-4564,-142
5,43,-4532,168
5,44,-4488,-124
5,45,-4368,-210
5,46,-4532,130
5,47,-4628,68
5,48,-4792,436
5,49,-4472,134
5,50,-4472,10
5,51,-4688,42
5,52,-4496,-78
5,53,-4732,-104
5,54,-4552,-108
5,55,-4664,242
5,56,-4600,-94
5,57,-4524,30
5,58,-4420,160
5,59,-4432,178
5,60,-4068,-4
5,61,-4524,-112
5,62,-4880,-38
5,63,-4388,-170
5,64,-4588,-122
5,65,-4628,100
5,66,-4804,-286
5,67,-4584,68
5,68,-4252,66
5,69,-4460,32
5,70,-4460,40
5,71,-4504,120
5,72,-4952,2
5,73,-4796,-88
5,74,-4404,-338
5,75,-4428,-180
5,76,-4636,170
5,77,-4524,212
5,78,-4596,148
5,79,-4688,6
5,80,-4504,-118
5,81,-4612,-246
5,82,-4556,386
5,83,-4636,-262
5,84,-4656,-124
5,85,-4496,-72
5,86,-4456,-60
5,87,-4620,114
5,88,-4456,106
5,89,-4540,184
5,90,-4580,140
5,91,-4648,50
5,92,-4556,-28
5,93,-4516,-224
5,94,-4380,-280
5,95,-4548,-232
5,96,-4628,322
5,97,-4584,-88
5,98,-4816,118
5,99,-4280,-66
0.1,0,8,126
0.1,1,-17796,0
0.1,2,-18428,190
0.1,3,-18652,182
0.1,4,-18804,438
0.1,5,-18916,356
0.1,6,-19004,350
0.1,7,-19048,494
0.1,8,-19124,514
0.1,9,-19180,640
0.1,10,-19216,620
0.1,11,-19244,712
0.1,12,-19272,740
0.1,13,-19308,916
0.1,14,-19340,870
0.1,15,-19368,910
0.1,16,-19400,822
0.1,17,-19412,752
0.1,18,-19428,824
0.1,19,-19436,906
0.1,20,-19436,1050
0.1,21,-19444,974
0.1,22,-19452,980
0.1,23,-19460,1006
0.1,24,-19464,992
0.1,25,-19472,916
0.1,26,-19480,1118
0.1,27,-19492,1240
0.1,28,-19496,1286
0.1,29,-19504,1234
0.1,30,-19508,1262
0.1,31,-19508,1240
0.1,32,-19516,1222
0.1,33,-19520,1090
0.1,34,-19528,1020
0.1,35,-19528,1028
0.1,36,-19532,1024
0.1,37,-19536,956
0.1,38,-19540,936
0.1,39,-19544,964
0.1,40,-19544,900
0.1,41,-19544,926
0.1,42,-19548,1104
0.1,43,-19552,1128
0.1,44,-19552,1218
0.1,45,-19556,1270
0.1,46,-19560,1282
0.1,47,-19560,1272
0.1,48,-19560,1246
0.1,49,-19560,1288
0.1,50,-19560,1198
0.1,51,-19560,1142
0.1,52,-19564,1156
0.1,53,-19568,1186
0.1,54,-19568,1222
0.1,55,-19568,1202
0.1,56,-19568,1188
0.1,57,-19568,1184
0.1,58,-19568,1214
0.1,59,-19568,1212
0.1,60,-19568,1210
0.1,61,-19568,1176
0.1,62,-19568,1128
0.1,63,-19568,1152
0.1,64,-19568,1156
0.1,65,-19568,1176
0.1,66,-19568,1160
0.1,67,-19568,1188
0.1,68,-19568,1204
0.1,69,-19568,1156
0.1,70,-19568,1154
0.1,71,-19568,1186
0.1,72,-19568,1172
0.1,73,-19568,1132
0.1,74,-19568,1112
0.1,75,-19568,1118
0.1,76,-19568,1146
0.1,77,-19568,1156
0.1,78,-19568,1100
0.1,79,-19568,1160
0.1,80,-19568,1206
0.1,81,-19568,1224
0.1,82,-19568,1198
0.1,83,-19568,1174
0.1,84,-19568,1178
0.1,85,-19568,1134
0.1,86,-19568,1148
0.1,87,-19568,1160
0.1,88,-19568,1182
0.1,89,-19568,1174
0.1,90,-19568,1138
0.1,91,-19572,1130
0.1,92,-19572,1144
0.1,93,-19572,1172
0.1,94,-19572,1160
0.1,95,-19572,1152
0.1,96,-19572,1158
0.1,97,-19572,1182
0.1,98,-19572,1190
0.1,99,-19576,1200
1,0,64,-204
1,1,-17548,-680
1,2,-18304,178
1,3,-18552,114
1,4,-18748,464
1,5,-18904,756
1,6,-19000,982
1,7,-19040,984
1,8,-19104,1004
1,9,-19148,1336
1,10,-19120,1460
1,11,-19200,1682
1,12,-19228,2160
1,13,-19248,2182
1,14,-19240,2434
1,15,-19228,2390
1,16,-19236,2692
1,17,-19256,2772
1,18,-19240,3062
1,19,-19280,3014
1,20,-19284,3372
1,21,-19300,3556
1,22,-19308,3774
1,23,-19292,3864
1,24,-19288,4036
1,25,-19296,4102
1,26,-19336,4176
1,27,-19376,4644
1,28,-19344,4714
1,29,-19388,4886
1,30,-19356,5130
1,31,-19376,5358
1,32,-19376,5540
1,33,-19408,5842
1,34,-19416,5924
1,35,-19416,6086
1,36,-19428,6424
1,37,-19440,6638
1,38,-19460,6956
1,39,-19480,7070
1,40,-19476,7148
1,41,-19480,7290
1,42,-19504,7488
1,43,-19536,7808
1,44,-19552,7980
1,45,-19552,8096
1,46,-19540,8246
1,47,-19596,8386
1,48,-19576,8626
1,49,-19616,8802
1,50,-19620,8936
1,51,-19644,9098
1,52,-19652,9308
1,53,-19700,9536
1,54,-19700,9638
1,55,-19748,9832
1,56,-19848,9994
1,57,-19848,9994
1,58,-19856,9996
1,59,-19824,9988
1,60,-19856,9996
1,61,-19856,9996
1,62,-19840,9992
1,63,-19856,9996
1,64,-19864,9998
1,65,-19856,9996
1,66,-19824,9988
1,67,-19832,9990
1,68,-19848,9994
1,69,-19848,9994
1,70,-19840,9992
1,71,-19848,9994
1,72,-19848,9994
1,73,-19840,9992
1,74,-19844,9992
1,75,-19840,9992
1,76,-19856,9996
1,77,-19864,9998
1,78,-19864,9998
1,79,-19856,9996
1,80,-19840,9992
1,81,-19848,9994
1,82,-19848,9994
1,83,-19848,9994
1,84,-19840,9992
1,85,-19824,9988
1,86,-19864,9998
1,87,-19848,9994
1,88,-19832,9990
1,89,-19840,9992
1,90,-19836,9990
1,91,-19856,9996
1,92,-19848,9994
1,93,-19872,10000
1,94,-19832,9990
1,95,-19836,9990
1,96,-19848,9994
1,97,-19848,9994
1,98,-19848,9994
1,99,-19796,9978
2.5,0,-148,10
2.5,1,-11192,132
2.5,2,-11024,154
2.5,3,-11536,172
2.5,4,-11420,68
2.5,5,-11068,-132
2.5,6,-11588,496
2.5,7,-11300,78
2.5,8,-11276,-234
2.5,9,-11112,-652
2.5,10,-11284,-544
2.5,11,-11440,-38
2.5,12,-11056,254
2.5,13,-10972,422
2.5,14,-11228,228
2.5,15,-11704,-452
2.5,16,-11172,-26
2.5,17,-11300,-870
2.5,18,-11328,-1782
2.5,19,-11416,-382
2.5,20,-11584,90
2.5,21,-11684,332
2.5,22,-11496,414
2.5,23,-11024,724
2.5,24,-11240,714
2.5,25,-11364,242
2.5,26,-11232,-196
2.5,27,-11548,560
2.5,28,-10960,1338
2.5,29,-11592,342
2.5,30,-11608,110
2.5,31,-10940,-348
2.5,32,-10992,-24
2.5,33,-11444,266
2.5,34,-11392,-882
2.5,35,-11000,-1038
2.5,36,-11400,-642
2.5,37,-11720,66
2.5,38,-11212,-522
2.5,39,-11056,-340
2.5,40,-11268,-792
2.5,41,-11424,-864
2.5,42,-11180,-906
2.5,43,-11060,-1282
2.5,44,-11140,-922
2.5,45,-11080,-1020
2.5,46,-11000,-1054
2.5,47,-10992,-1046
2.5,48,-11488,-224
2.5,49,-11416,-582
2.5,50,-10964,-36
2.5,51,-11212,-456
2.5,52,-11176,-192
2.5,53,-11588,-1442
2.5,54,-11376,-1112
2.5,55,-11436,-966
2.5,56,-11012,-908
2.5,57,-10924,2
2.5,58,-11332,-240
2.5,59,-11132,806
2.5,60,-11088,1654
2.5,61,-11536,2350
2.5,62,-11092,1426
2.5,63,-11208,764
2.5,64,-11112,-248
2.5,65,-10956,-906
2.5,66,-10908,54
2.5,67,-11556,682
2.5,68,-11484,608
2.5,69,-11996,480
2.5,70,-11388,-26
2.5,71,-11492,-770
2.5,72,-11468,-1816
2.5,73,-11292,-1360
2.5,74,-11180,-960
2.5,75,-11540,-1280
2.5,76,-11912,-2096
2.5,77,-11796,-2456
2.5,78,-11520,-1172
2.5,79,-11380,-160
2.5,80,-11328,-92
2.5,81,-11492,4
2.5,82,-11460,-532
2.5,83,-11212,-408
2.5,84,-11816,696
2.5,85,-11592,1624
2.5,86,-11816,1652
2.5,87,-11364,1264
2.5,88,-11388,820
2.5,89,-11504,-816
2.5,90,-11276,-210
2.5,91,-11444,-568
2.5,92,-11136,-26
2.5,93,-11296,674
2.5,94,-11964,1372
2.5,95,-11776,-242
2.5,96,-10916,-392
2.5,97,-11128,-478
2.5,98,-11200,-488
2.5,99,-12164,44
5,0,-256,-2
5,1,-4748,-236
5,2,-4808,-242
5,3,-4660,42
5,4,-4908,-126
5,5,-5032,-60
5,6,-4880,50
5,7,-4908,194
5,8,-4648,78
5,9,-4796,-138
5,10,-4788,-118
5,11,-4820,112
5,12,-4788,184
5,13,-5052,58
5,14,-4856,50
5,15,-4400,-100
5,16,-4908,54
5,17,-4848,-160
5,18,-4616,-242
5,19,-4720,-104
5,20,-4668,82
5,21,-4636,-302
5,22,-4736,-38
5,23,-4796,-46
5,24,-4908,-118
5,25,-4968,76
5,26,-4900,-158
5,27,-4628,188
5,28,-4544,160
5,29,-4556,150
5,30,-4860,138
5,31,-4504,144
5,32,-4748,88
5,33,-4540,-78
5,34,-4956,348
5,35,-5092,-16
5,36,-4692,134
5,37,-4824,-224
5,38,-5212,-166
5,39,-4936,102
5,40,-4800,-58
5,41,-5128,30
5,42,-4776,64
5,43,-4780,10
5,44,-4904,248
5,45,-4744,164
5,46,-5088,-162
5,47,-4888,-262
5,48,-5004,110
5,49,-4812,170
5,50,-4632,74
5,51,-4948,64
5,52,-4748,-344
5,53,-4936,-58
5,54,-4676,-62
5,55,-4816,212
5,56,-4692,178
5,57,-4556,-96
5,58,-4956,108
5,59,-4812,-136
5,60,-4780,332
5,61,-4880,-288
5,62,-4708,-284
5,63,-4708,120
5,64,-4984,34
5,65,-4848,344
5,66,-4784,-114
5,67,-4736,314
5,68,-4860,52
5,69,-4944,-120
5,70,-4708,224
5,71,-4884,-34
5,72,-4776,-132
5,73,-4596,86
5,74,-4608,-198
5,75,-4856,-20
5,76,-4652,-202
5,77,-4888,-82
5,78,-4848,-198
5,79,-4716,168
5,80,-4728,-42
5,81,-4848,280
5,82,-4904,-28
5,83,-4996,12
5,84,-4636,-132
5,85,-4632,-222
5,86,-4836,-94
5,87,-4620,18
5,88,-4664,152
5,89,-4580,8
5,90,-5212,-36
5,91,-4524,118
5,92,-4904,66
5,93,-4872,-198
5,94,-4992,-48
5,95,-4924,68
5,96,-4836,56
5,97,-4844,-80
5,98,-4432,-226
5,99,-4516,134
0.1,0,-92,4
0.1,1,-18128,-560
0.1,2,-18852,-1146
0.1,3,-19188,-1446
0.1,4,-19296,-1742
0.1,5,-19388,-2268
0.1,6,-19508,-2654
0.1,7,-19544,-3090
0.1,8,-19568,-3318
0.1,9,-19612,-3796
0.1,10,-19636,-4068
0.1,11,-19668,-4248
0.1,12,-19680,-4288
0.1,13,-19688,-4510
0.1,14,-19700,-4608
0.1,15,-19712,-4884
0.1,16,-19728,-5198
0.1,17,-19736,-5328
0.1,18,-19748,-5406
0.1,19,-19760,-5734
0.1,20,-19768,-5916
0.1,21,-19776,-6128
0.1,22,-19784,-6432
0.1,23,-19804,-6556
0.1,24,-19812,-6868
0.1,25,-19828,-7088
0.1,26,-19856,-7448
0.1,27,-19872,-7636
0.1,28,-19896,-7850
0.1,29,-19912,-8056
0.1,30,-19924,-8372
0.1,31,-19944,-8636
0.1,32,-19960,-8816
0.1,33,-19992,-9058
0.1,34,-20016,-9356
0.1,35,-20076,-9672
0.1,36,-20128,-9918
0.1,37,-20184,-10000
0.1,38,-20184,-10000
0.1,39,-20184,-10000
0.1,40,-20184,-10000
0.1,41,-20184,-10000
0.1,42,-20184,-10000
0.1,43,-20184,-10000
0.1,44,-20184,-10000
0.1,45,-20184,-10000
0.1,46,-20184,-10000
0.1,47,-20184,-10000
0.1,48,-20184,-10000
0.1,49,-20184,-10000
0.1,50,-20184,-10000
0.1,51,-20184,-10000
0.1,52,-20184,-10000
0.1,53,-20184,-10000
0.1,54,-20184,-10000
0.1,55,-20184,-10000
0.1,56,-20184,-10000
0.1,57,-20184,-10000
0.1,58,-20184,-10000
0.1,59,-20184,-10000
0.1,60,-20184,-10000
0.1,61,-20184,-10000
0.1,62,-20184,-10000
0.1,63,-20184,-10000
0.1,64,-20184,-10000
0.1,65,-20184,-10000
0.1,66,-20184,-10000
0.1,67,-20184,-10000
0.1,68,-20184,-10000
0.1,69,-20184,-10000
0.1,70,-20184,-10000
0.1,71,-20184,-10000
0.1,72,-20184,-10000
0.1,73,-20184,-10000
0.1,74,-20184,-10000
0.1,75,-20184,-10000
0.1,76,-20184,-10000
0.1,77,-20184,-10000
0.1,78,-20184,-10000
0.1,79,-20184,-10000
0.1,80,-20184,-10000
0.1,81,-20184,-10000
0.1,82,-20184,-10000
0.1,83,-20184,-10000
0.1,84,-20184,-10000
0.1,85,-20184,-10000
0.1,86,-20184,-10000
0.1,87,-20184,-10000
0.1,88,-20184,-10000
0.1,89,-20184,-10000
0.1,90,-20184,-10000
0.1,91,-20184,-10000
0.1,92,-20184,-10000
0.1,93,-20184,-10000
0.1,94,-20184,-10000
0.1,95,-20184,-10000
0.1,96,-20184,-10000
0.1,97,-20184,-10000
0.1,98,-20184,-10000
0.1,99,-20184,-10000
1,0,-56,76
1,1,-17872,-1156
1,2,-18588,-2258
1,3,-18888,-2904
1,4,-18996,-3138
1,5,-19072,-3472
1,6,-19108,-3866
1,7,-19164,-4160
1,8,-19260,-4462
1,9,-19272,-4612
1,10,-19276,-4602
1,11,-19328,-5200
1,12,-19372,-5576
1,13,-19456,-6022
1,14,-19500,-6478
1,15,-19520,-6700
1,16,-19584,-6972
1,17,-19604,-7272
1,18,-19708,-7540
1,19,-19768,-7958
1,20,-19804,-8104
1,21,-19820,-8226
1,22,-19804,-8332
1,23,-19804,-8434
1,24,-19820,-8730
1,25,-19868,-8938
1,26,-19840,-9110
1,27,-19928,-9344
1,28,-19944,-9536
1,29,-19976,-9700
1,30,-20004,-9934
1,31,-20088,-9994
1,32,-20096,-9996
1,33,-20064,-9988
1,34,-20096,-9996
1,35,-20096,-9996
1,36,-20080,-9992
1,37,-20080,-9992
1,38,-20080,-9992
1,39,-20080,-9992
1,40,-20104,-9998
1,41,-20088,-9994
1,42,-20052,-9984
1,43,-20096,-9996
1,44,-20072,-9990
1,45,-20088,-9994
1,46,-20088,-9994
1,47,-20096,-9996
1,48,-20104,-9998
1,49,-20080,-9992
1,50,-20080,-9992
1,51,-20088,-9994
1,52,-20104,-9998
1,53,-20104,-9998
1,54,-20104,-9998
1,55,-20060,-9986
1,56,-20080,-9992
1,57,-20112,-10000
1,58,-20096,-9996
1,59,-20104,-9998
1,60,-20112,-10000
1,61,-20080,-9992
1,62,-20096,-9996
1,63,-20064,-9988
1,64,-20088,-9994
1,65,-20096,-9996
1,66,-20056,-9986
1,67,-20080,-9992
1,68,-20104,-9998
1,69,-20080,-9992
1,70,-20080,-9992
1,71,-20080,-9992
1,72,-20088,-9994
1,73,-20096,-9996
1,74,-20096,-9996
1,75,-20072,-9990
1,76,-20096,-9996
1,77,-20072,-9990
1,78,-20072,-9990
1,79,-20088,-9994
1,80,-20104,-9998
1,81,-20072,-9988
1,82,-20052,-9984
1,83,-20088,-9994
1,84,-20096,-9996
1,85,-20088,-9994
1,86,-20080,-9992
1,87,-20096,-9996
1,88,-20096,-9996
1,89,-20080,-9992
1,90,-20072,-9990
1,91,-20064,-9988
1,92,-20104,-9998
1,93,-20080,-9992
1,94,-20088,-9994
1,95,-20112,-10000
1,96,-20080,-9992
1,97,-20096,-9996
1,98,-20080,-9992
1,99,-20064,-9988
2.5,0,-88,294
2.5,1,-11064,404
2.5,2,-11456,1134
2.5,3,-11196,1816
2.5,4,-11156,1792
2.5,5,-10812,1250
2.5,6,-11252,1406
2.5,7,-11004,872
2.5,8,-11052,994
2.5,9,-11524,1010
2.5,10,-11512,38
2.5,11,-11136,802
2.5,12,-11400,148
2.5,13,-11232,752
2.5,14,-11460,1152
2.5,15,-11452,928
2.5,16,-11128,1666
2.5,17,-11200,1658
2.5,18,-11536,992
2.5,19,-11380,1578
2.5,20,-11464,634
2.5,21,-11152,576
2.5,22,-11136,-142
2.5,23,-11104,-714
2.5,24,-11260,-332
2.5,25,-11552,-478
2.5,26,-11356,-1468
2.5,27,-11028,-1394
2.5,28,-11492,-1340
2.5,29,-11540,-718
2.5,30,-11460,-356
2.5,31,-11260,-1120
2.5,32,-11448,-2602
2.5,33,-11096,-3034
2.5,34,-11536,-2260
2.5,35,-11136,-1410
2.5,36,-11044,-946
2.5,37,-11228,-1004
2.5,38,-11380,-1544
2.5,39,-10560,-616
2.5,40,-11092,-1270
2.5,41,-11476,-476
2.5,42,-11632,304
2.5,43,-11188,992
2.5,44,-11532,684
2.5,45,-11100,-18
2.5,46,-10920,-60
2.5,47,-11228,694
2.5,48,-11400,504
2.5,49,-11452,-12
2.5,50,-10888,-98
2.5,51,-11020,-82
2.5,52,-11008,-1228
2.5,53,-11044,-754
2.5,54,-11236,-834
2.5,55,-11240,-1438
2.5,56,-11832,-1076
2.5,57,-11056,-1686
2.5,58,-11136,-2108
2.5,59,-11380,-2192
2.5,60,-11564,-910
2.5,61,-11380,-626
2.5,62,-11524,-980
2.5,63,-11112,-1336
2.5,64,-11052,-1278
2.5,65,-11176,-530
2.5,66,-11040,-964
2.5,67,-10840,-796
2.5,68,-10988,-748
2.5,69,-10644,-340
2.5,70,-11112,-582
2.5,71,-11088,-248
2.5,72,-11544,218
2.5,73,-11052,-434
2.5,74,-10976,178
2.5,75,-11224,-356
2.5,76,-11064,-176
2.5,77,-11064,580
2.5,78,-11236,828
2.5,79,-10892,750
2.5,80,-11452,1118
2.5,81,-10988,988
2.5,82,-11276,1092
2.5,83,-11544,14
2.5,84,-11304,402
2.5,85,-11060,856
2.5,86,-11816,422
2.5,87,-11176,514
2.5,88,-11200,-592
2.5,89,-11548,-56
2.5,90,-10936,-644
2.5,91,-10784,-184
2.5,92,-11068,92
2.5,93,-10632,928
2.5,94,-11632,994
2.5,95,-11208,36
2.5,96,-11512,78
2.5,97,-11376,508
2.5,98,-10920,-110
2.5,99,-11368,-460
5,0,-28,38
5,1,-4180,-134
5,2,-4300,348
5,3,-4124,314
5,4,-4192,154
5,5,-4172,-128
5,6,-4428,-140
5,7,-4092,4
5,8,-4288,-128
5,9,-4320,-286
5,10,-4500,104
5,11,-4392,34
5,12,-4304,8
5,13,-4512,44
5,14,-4464,-386
5,15,-4332,-180
5,16,-4372,66
5,17,-4308,348
5,18,-4472,-74
5,19,-4264,80
5,20,-4336,-34
5,21,-4148,-56
5,22,-4324,8
5,23,-4088,-372
5,24,-4316,-82
5,25,-4548,114
5,26,-4272,-158
5,27,-3956,-78
5,28,-4120,-142
5,29,-4308,-22
5,30,-4304,192
5,31,-4160,102
5,32,-4208,-54
5,33,-4356,-334
5,34,-4292,2
5,35,-4280,368
5,36,-4564,-248
5,37,-4444,256
5,38,-4252,-206
5,39,-4192,-92
5,40,-4404,-198
5,41,-4436,228
5,42,-4672,156
5,43,-4272,-232
5,44,-4544,224
5,45,-4032,-268
5,46,-4528,66
5,47,-4428,-22
5,48,-4556,-192
5,49,-4532,-26
5,50,-4436,-92
5,51,-4332,60
5,52,-4400,-118
5,53,-4176,-34
5,54,-4356,68
5,55,-4020,190
5,56,-4160,-182
5,57,-4240,318
5,58,-4312,-124
5,59,-4000,100
5,60,-4256,60
5,61,-4388,78
5,62,-4272,16
5,63,-4232,-36
5,64,-4416,86
5,65,-4440,2
5,66,-4204,170
5,67,-4160,44
5,68,-4456,20
5,69,-4124,374
5,70,-4284,-310
5,71,-4436,202
5,72,-4328,92
5,73,-4300,250
5,74,-4304,94
5,75,-4348,-104
5,76,-4244,212
5,77,-4384,-64
5,78,-4324,266
5,79,-4288,-100
5,80,-4308,248
5,81,-4152,190
5,82,-4288,-202
5,83,-4428,-142
5,84,-4072,38
5,85,-4332,270
5,86,-4268,-70
5,87,-4168,-180
5,88,-4340,162
5,89,-4388,-6
5,90,-4552,-48
5,91,-4268,30
5,92,-4128,106
5,93,-4448,78
5,94,-4260,60
5,95,-4348,158
5,96,-4480,184
5,97,-4332,196
5,98,-4380,16
5,99,-4152,46
0.1,0,-116,10
0.1,1,-18124,144
0.1,2,-18844,70
0.1,3,-19192,-384
0.1,4,-19264,-438
0.1,5,-19364,-600
0.1,6,-19460,-982
0.1,7,-19572,-1162
0.1,8,-19608,-1222
0.1,9,-19640,-1064
0.1,10,-19644,-1156
0.1,11,-19656,-1124
0.1,12,-19668,-1294
0.1,13,-19692,-1242
0.1,14,-19704,-1062
0.1,15,-19716,-994
0.1,16,-19724,-940
0.1,17,-19728,-924
0.1,18,-19736,-1024
0.1,19,-19740,-1042
0.1,20,-19748,-958
0.1,21,-19752,-922
0.1,22,-19764,-840
0.1,23,-19772,-872
0.1,24,-19776,-896
0.1,25,-19780,-810
0.1,26,-19784,-756
0.1,27,-19788,-784
0.1,28,-19788,-858
0.1,29,-19792,-890
0.1,30,-19796,-986
0.1,31,-19796,-926
0.1,32,-19796,-924
0.1,33,-19796,-844
0.1,34,-19800,-892
0.1,35,-19800,-946
0.1,36,-19804,-966
0.1,37,-19812,-1042
0.1,38,-19812,-1006
0.1,39,-19816,-1018
0.1,40,-19816,-996
0.1,41,-19816,-1004
0.1,42,-19816,-1014
0.1,43,-19816,-1008
0.1,44,-19816,-1022
0.1,45,-19816,-1004
0.1,46,-19816,-1038
0.1,47,-19820,-1056
0.1,48,-19820,-1046
0.1,49,-19820,-1054
0.1,50,-19820,-1052
0.1,51,-19820,-1046
0.1,52,-19820,-1014
0.1,53,-19824,-1000
0.1,54,-19824,-1000
0.1,55,-19824,-1000
0.1,56,-19824,-1000
0.1,57,-19824,-1000
0.1,58,-19824,-1000
0.1,59,-19824,-1000
0.1,60,-19824,-1000
0.1,61,-19824,-1000
0.1,62,-19824,-1000
0.1,63,-19824,-1000
0.1,64,-19824,-1000
0.1,65,-19824,-1000
0.1,66,-19824,-1000
0.1,67,-19824,-1000
0.1,68,-19824,-1000
0.1,69,-19824,-1000
0.1,70,-19824,-1000
0.1,71,-19824,-1000
0.1,72,-19824,-1000
0.1,73,-19824,-1000
0.1,74,-19824,-1000
0.1,75,-19824,-1000
0.1,76,-19824,-1000
0.1,77,-19824,-1000
0.1,78,-19824,-1000
0.1,79,-19824,-1000
0.1,80,-19824,-1000
0.1,81,-19824,-1000
0.1,82,-19824,-1000
0.1,83,-19824,-1000
0.1,84,-19824,-1000
0.1,85,-19824,-1000
0.1,86,-19824,-1000
0.1,87,-19824,-1000
0.1,88,-19824,-1000
0.1,89,-19824,-1000
0.1,90,-19824,-1000
0.1,91,-19824,-1000
0.1,92,-19824,-1000
0.1,93,-19824,-1000
0.1,94,-19824,-1000
0.1,95,-19824,-1000
0.1,96,-19824,-1000
0.1,97,-19824,-1000
0.1,98,-19824,-1000
0.1,99,-19824,-1000
1,0,-112,-64
1,1,-18168,-2140
1,2,-18812,-2408
1,3,-18932,-2594
1,4,-19048,-2594
1,5,-19172,-2390
1,6,-19348,-2484
1,7,-19432,-2514
1,8,-19484,-2434
1,9,-19536,-2468
1,10,-19596,-2380
1,11,-19564,-2364
1,12,-19612,-2494
1,13,-19620,-2472
1,14,-19648,-2312
1,15,-19616,-2308
1,16,-19636,-2336
1,17,-19644,-2230
1,18,-19628,-2216
1,19,-19660,-2026
1,20,-19656,-2110
1,21,-19668,-2082
1,22,-19696,-2124
1,23,-19668,-1990
1,24,-19688,-2110
1,25,-19668,-2150
1,26,-19680,-2326
1,27,-19684,-2436
1,28,-19708,-2538
1,29,-19704,-2634
1,30,-19700,-2560
1,31,-19692,-2438
1,32,-19668,-2294
1,33,-19700,-2286
1,34,-19672,-2118
1,35,-19672,-2106
1,36,-19644,-2128
1,37,-19692,-2026
1,38,-19692,-1974
1,39,-19712,-2124
1,40,-19672,-2242
1,41,-19644,-2288
1,42,-19724,-2164
1,43,-19672,-2380
1,44,-19692,-2476
1,45,-19668,-2176
1,46,-19712,-2176
1,47,-19696,-2250
1,48,-19688,-2164
1,49,-19672,-2218
1,50,-19672,-2256
1,51,-19700,-2428
1,52,-19684,-2470
1,53,-19692,-2484
1,54,-19672,-2624
1,55,-19676,-2664
1,56,-19680,-2582
1,57,-19660,-2566
1,58,-19676,-2502
1,59,-19688,-2562
1,60,-19648,-2470
1,61,-19656,-2408
1,62,-19660,-2398
1,63,-19696,-2434
1,64,-19684,-2424
1,65,-19656,-2526
1,66,-19736,-2484
1,67,-19668,-2524
1,68,-19680,-2440
1,69,-19704,-2790
1,70,-19672,-2928
1,71,-19652,-3088
1,72,-19672,-3198
1,73,-19708,-3202
1,74,-19684,-3208
1,75,-19700,-3200
1,76,-19676,-3136
1,77,-19688,-2992
1,78,-19672,-2988
1,79,-19688,-3088
1,80,-19672,-3062
1,81,-19712,-3280
1,82,-19660,-3500
1,83,-19708,-3472
1,84,-19716,-3488
1,85,-19696,-3648
1,86,-19672,-3596
1,87,-19712,-3640
1,88,-19696,-3826
1,89,-19660,-3890
1,90,-19652,-3834
1,91,-19716,-3530
1,92,-19688,-3612
1,93,-19688,-3448
1,94,-19660,-3410
1,95,-19680,-3330
1,96,-19664,-3400
1,97,-19696,-3410
1,98,-19684,-3558
1,99,-19680,-3428
2.5,0,-108,78
2.5,1,-10788,-556
2.5,2,-10904,226
2.5,3,-11492,-316
2.5,4,-11348,-248
2.5,5,-11372,370
2.5,6,-10952,-220
2.5,7,-10996,-348
2.5,8,-11200,22
2.5,9,-11232,882
2.5,10,-11316,476
2.5,11,-11488,730
2.5,12,-10900,1158
2.5,13,-11276,1908
2.5,14,-11544,2052
2.5,15,-11820,2170
2.5,16,-11540,1630
2.5,17,-11388,1462
2.5,18,-11452,1534
2.5,19,-11064,1036
2.5,20,-11532,1004
2.5,21,-10992,694
2.5,22,-11500,-104
2.5,23,-10980,398
2.5,24,-11372,162
2.5,25,-11420,-252
2.5,26,-10924,350
2.5,27,-11052,-850
2.5,28,-11188,122
2.5,29,-10728,-360
2.5,30,-11072,-616
2.5,31,-11124,182
2.5,32,-10848,-54
2.5,33,-11332,336
2.5,34,-11536,262
2.5,35,-11068,-534
2.5,36,-11376,-880
2.5,37,-10744,-106
2.5,38,-11456,-654
2.5,39,-11720,278
2.5,40,-11192,506
2.5,41,-11300,614
2.5,42,-11000,780
2.5,43,-11608,-604
2.5,44,-11104,-30
2.5,45,-11140,-76
2.5,46,-11364,-662
2.5,47,-11204,-464
2.5,48,-11184,-784
2.5,49,-11092,662
2.5,50,-11264,750
2.5,51,-11316,538
2.5,52,-11080,-108
2.5,53,-11200,-424
2.5,54,-11280,34
2.5,55,-11716,-256
2.5,56,-11396,134
2.5,57,-11264,180
2.5,58,-11724,-60
2.5,59,-11208,-618
2.5,60,-11180,-660
2.5,61,-10664,-302
2.5,62,-11280,-678
2.5,63,-11328,-430
2.5,64,-11176,-1604
2.5,65,-11132,-1194
2.5,66,-11128,-460
2.5,67,-11028,-752
2.5,68,-11092,-1430
2.5,69,-10988,-686
2.5,70,-11228,-496
2.5,71,-11848,460
2.5,72,-11276,818
2.5,73,-11244,696
2.5,74,-11428,494
2.5,75,-11540,762
2.5,76,-11148,640
2.5,77,-11032,662
2.5,78,-11388,620
2.5,79,-11164,190
2.5,80,-11504,172
2.5,81,-11284,618
2.5,82,-11520,888
2.5,83,-11424,120
2.5,84,-11024,826
2.5,85,-11052,300
2.5,86,-11116,602
2.5,87,-11288,1462
2.5,88,-11144,1136
2.5,89,-10860,932
2.5,90,-11492,194
2.5,91,-11256,1076
2.5,92,-10864,1636
2.5,93,-11420,1614
2.5,94,-11308,1772
2.5,95,-11544,2146
2.5,96,-11376,886
2.5,97,-11164,722
2.5,98,-11080,710
2.5,99,-10860,1236
5,0,100,-290
5,1,-4216,18
5,2,-3960,-206
5,3,-4332,-176
5,4,-3824,-356
5,5,-4252,-434
5,6,-4104,-232
5,7,-4004,-114
5,8,-3960,-232
5,9,-4240,-446
5,10,-4088,-66
5,11,-3920,-176
5,12,-3844,70
5,13,-4008,90
5,14,-4036,94
5,15,-4000,200
5,16,-4040,-186
5,17,-4188,-74
5,18,-4088,-38
5,19,-3996,240
5,20,-4120,14
5,21,-3940,-88
5,22,-4328,12
5,23,-4268,148
5,24,-4060,152
5,25,-4224,-158
5,26,-4100,-74
5,27,-3912,-154
5,28,-3816,-34
5,29,-4220,140
5,30,-4264,44
5,31,-3916,222
5,32,-4240,-130
5,33,-4440,6
5,34,-4164,-96
5,35,-4048,32
5,36,-4168,-148
5,37,-4172,-100
5,38,-4036,332
5,39,-4024,-148
5,40,-4376,-2
5,41,-4408,-184
5,42,-3888,28
5,43,-4416,210
5,44,-4172,152
5,45,-4088,18
5,46,-3820,-100
5,47,-4132,-134
5,48,-4112,-4
5,49,-4192,-216
5,50,-4464,-10
5,51,-3992,-94
5,52,-4068,222
5,53,-4408,70
5,54,-4092,58
5,55,-4004,106
5,56,-4080,-238
5,57,-4172,38
5,58,-4016,404
5,59,-3564,-54
5,60,-4272,-28
5,61,-4180,-96
5,62,-4188,-172
5,63,-3756,206
5,64,-4168,-228
5,65,-4016,374
5,66,-4080,-160
5,67,-4136,22
5,68,-4064,-108
5,69,-4160,30
5,70,-4052,-128
5,71,-3948,190
5,72,-4104,-26
5,73,-4300,-162
5,74,-3680,-102
5,75,-4072,-84
5,76,-4172,148
5,77,-4172,12
5,78,-3880,50
5,79,-3972,-58
5,80,-4364,-230
5,81,-4024,114
5,82,-4088,-86
5,83,-4104,-246
5,84,-3996,124
5,85,-4208,-298
5,86,-4224,34
5,87,-4252,18
5,88,-4120,184
5,89,-4116,-340
5,90,-4104,56
5,91,-4228,76
5,92,-4220,164
5,93,-4008,-158
5,94,-4140,-136
5,95,-4176,-152
5,96,-4076,248
5,97,-4236,182
5,98,-3960,172
5,99,-4320,312
0.1,0,12,194
0.1,1,-18012,876
0.1,2,-18596,706
0.1,3,-18848,340
0.1,4,-18980,454
0.1,5,-19112,336
0.1,6,-19196,190
0.1,7,-19244,108
0.1,8,-19272,138
0.1,9,-19304,76
0.1,10,-19328,126
0.1,11,-19344,66
0.1,12,-19360,70
0.1,13,-19380,114
0.1,14,-19392,144
0.1,15,-19404,144
0.1,16,-19408,206
0.1,17,-19412,230
0.1,18,-19420,274
0.1,19,-19444,298
0.1,20,-19444,288
0.1,21,-19452,388
0.1,22,-19452,500
0.1,23,-19460,548
0.1,24,-19468,682
0.1,25,-19484,578
0.1,26,-19488,642
0.1,27,-19496,580
0.1,28,-19500,658
0.1,29,-19512,706
0.1,30,-19512,724
0.1,31,-19516,816
0.1,32,-19528,780
0.1,33,-19532,844
0.1,34,-19540,836
0.1,35,-19544,792
0.1,36,-19548,882
0.1,37,-19552,904
0.1,38,-19552,958
0.1,39,-19552,952
0.1,40,-19556,998
0.1,41,-19556,1062
0.1,42,-19556,1114
0.1,43,-19564,1124
0.1,44,-19564,1142
0.1,45,-19564,1098
0.1,46,-19564,1148
0.1,47,-19564,1078
0.1,48,-19564,1072
0.1,49,-19564,1056
0.1,50,-19564,1072
0.1,51,-19564,1108
0.1,52,-19564,1062
0.1,53,-19568,968
0.1,54,-19568,950
0.1,55,-19568,918
0.1,56,-19568,916
0.1,57,-19568,950
0.1,58,-19568,960
0.1,59,-19572,938
0.1,60,-19572,866
0.1,61,-19572,880
0.1,62,-19572,864
0.1,63,-19572,862
0.1,64,-19572,860
0.1,65,-19572,834
0.1,66,-19572,844
0.1,67,-19572,866
0.1,68,-19572,846
0.1,69,-19576,800
0.1,70,-19576,800
0.1,71,-19576,800
0.1,72,-19576,800
0.1,73,-19576,800
0.1,74,-19576,800
0.1,75,-19576,800
0.1,76,-19576,800
0.1,77,-19576,800
0.1,78,-19576,800
0.1,79,-19576,800
0.1,80,-19576,800
0.1,81,-19576,800
0.1,82,-19576,800
0.1,83,-19576,800
0.1,84,-19576,800
0.1,85,-19576,800
0.1,86,-19576,800
0.1,87,-19576,800
0.1,88,-19576,800
0.1,89,-19576,800
0.1,90,-19576,800
0.1,91,-19576,800
0.1,92,-19576,800
0.1,93,-19576,800
0.1,94,-19576,800
0.1,95,-19576,800
0.1,96,-19576,800
0.1,97,-19576,800
0.1,98,-19576,800
0.1,99,-19576,800
1,0,136,-176
1,1,-17396,-294
1,2,-18064,140
1,3,-18468,418
1,4,-18584,450
1,5,-18652,206
1,6,-18772,-172
1,7,-18808,-206
1,8,-18852,-116
1,9,-18900,-12
1,10,-18904,36
1,11,-18960,48
1,12,-18948,52
1,13,-18940,-106
1,14,-18980,-86
1,15,-19076,208
1,16,-19064,126
1,17,-19052,94
1,18,-19088,170
1,19,-19072,126
1,20,-19100,-164
1,21,-19096,-268
1,22,-19116,-354
1,23,-19108,-412
1,24,-19112,-624
1,25,-19088,-674
1,26,-19116,-638
1,27,-19152,-670
1,28,-19148,-414
1,29,-19152,-196
1,30,-19124,-190
1,31,-19140,-344
1,32,-19152,-266
1,33,-19180,-228
1,34,-19176,-184
1,35,-19152,-192
1,36,-19168,-292
1,37,-19172,-122
1,38,-19196,-172
1,39,-19204,-158
1,40,-19184,-282
1,41,-19216,-282
1,42,-19188,-240
1,43,-19208,-260
1,44,-19196,-312
1,45,-19176,-394
1,46,-19192,-404
1,47,-19236,-492
1,48,-19208,-564
1,49,-19148,-600
1,50,-19160,-614
1,51,-19184,-702
1,52,-19216,-646
1,53,-19164,-854
1,54,-19208,-762
1,55,-19172,-706
1,56,-19208,-770
1,57,-19188,-788
1,58,-19180,-702
1,59,-19200,-658
1,60,-19220,-794
1,61,-19204,-794
1,62,-19200,-712
1,63,-19216,-828
1,64,-19188,-664
1,65,-19200,-590
1,66,-19172,-632
1,67,-19224,-530
1,68,-19204,-460
1,69,-19148,-496
1,70,-19176,-474
1,71,-19192,-386
1,72,-19204,-396
1,73,-19212,-456
1,74,-19216,-314
1,75,-19156,-502
1,76,-19196,-352
1,77,-19204,-384
1,78,-19168,-232
1,79,-19204,-160
1,80,-19212,-134
1,81,-19212,-158
1,82,-19172,-14
1,83,-19216,-204
1,84,-19172,-182
1,85,-19160,-108
1,86,-19208,-68
1,87,-19220,58
1,88,-19168,2
1,89,-19192,38
1,90,-19188,54
1,91,-19188,16
1,92,-19172,-44
1,93,-19184,-218
1,94,-19184,-212
1,95,-19184,-264
1,96,-19184,-376
1,97,-19180,-448
1,98,-19232,-408
1,99,-19192,-636
2.5,0,-88,40
2.5,1,-11064,-714
2.5,2,-11104,472
2.5,3,-11156,-158
2.5,4,-11004,-310
2.5,5,-11504,-506
2.5,6,-11368,-98
2.5,7,-11500,-598
2.5,8,-11580,-312
2.5,9,-11288,392
2.5,10,-10808,430
2.5,11,-11176,-276
2.5,12,-10888,448
2.5,13,-10848,928
2.5,14,-10872,952
2.5,15,-11448,1516
2.5,16,-11128,1454
2.5,17,-11156,1366
2.5,18,-11620,1784
2.5,19,-11444,834
2.5,20,-11332,1024
2.5,21,-11152,1048
2.5,22,-11552,1178
2.5,23,-11264,998
2.5,24,-11112,-38
2.5,25,-11112,332
2.5,26,-10936,768
2.5,27,-11268,868
2.5,28,-11040,68
2.5,29,-11256,802
2.5,30,-11232,404
2.5,31,-11080,-42
2.5,32,-11360,-1012
2.5,33,-11644,-848
2.5,34,-11336,-612
2.5,35,-11404,-774
2.5,36,-10960,-540
2.5,37,-10900,402
2.5,38,-11552,266
2.5,39,-11096,134
2.5,40,-11208,-418
2.5,41,-11312,-1004
2.5,42,-11316,-760
2.5,43,-11188,-826
2.5,44,-11296,-1230
2.5,45,-10988,-1326
2.5,46,-11684,-188
2.5,47,-11396,30
2.5,48,-11188,298
2.5,49,-11092,1332
2.5,50,-11136,744
2.5,51,-11564,814
2.5,52,-11600,474
2.5,53,-11312,1454
2.5,54,-11108,894
2.5,55,-11396,1100
2.5,56,-11460,498
2.5,57,-11212,260
2.5,58,-11308,-698
2.5,59,-11212,-620
2.5,60,-10988,-926
2.5,61,-11196,-1392
2.5,62,-10848,-1010
2.5,63,-11132,-1034
2.5,64,-11080,-1460
2.5,65,-11016,-1106
2.5,66,-11312,-88
2.5,67,-11376,-746
2.5,68,-11268,-720
2.5,69,-11332,-788
2.5,70,-11260,-942
2.5,71,-11348,-658
2.5,72,-11148,-582
2.5,73,-10892,-272
2.5,74,-11252,-1098
2.5,75,-11260,-1422
2.5,76,-11040,-1422
2.5,77,-11092,-602
2.5,78,-11524,-1020
2.5,79,-11596,-418
2.5,80,-11508,400
2.5,81,-11348,820
2.5,82,-11484,1532
2.5,83,-11404,1242
2.5,84,-10908,946
2.5,85,-11588,1568
2.5,86,-11384,398
2.5,87,-11072,-390
2.5,88,-10888,618
2.5,89,-11260,654
2.5,90,-10968,284
2.5,91,-10944,226
2.5,92,-11012,362
2.5,93,-11296,316
2.5,94,-11364,-198
2.5,95,-11128,466
2.5,96,-10980,804
2.5,97,-11152,402
2.5,98,-11244,-492
2.5,99,-11312,-168
5,0,132,-104
5,1,-4060,-76
5,2,-4064,164
5,3,-4132,270
5,4,-4108,-22
5,5,-4300,94
5,6,-4136,-34
5,7,-3972,18
5,8,-4272,282
5,9,-4316,-322
5,10,-3764,-120
5,11,-3988,-232
5,12,-3872,-56
5,13,-4164,-76
5,14,-4052,-90
5,15,-3740,-218
5,16,-4008,22
5,17,-3980,26
5,18,-4044,-22
5,19,-4088,-266
5,20,-3968,-40
5,21,-3992,-40
5,22,-4200,-126
5,23,-4108,48
5,24,-4068,110
5,25,-4168,54
5,26,-4104,-70
5,27,-4084,-148
5,28,-3700,100
5,29,-3828,296
5,30,-3868,-22
5,31,-4148,78
5,32,-3768,72
5,33,-4104,-206
5,34,-3744,-234
5,35,-3976,-130
5,36,-4132,-44
5,37,-3788,-226
5,38,-4068,-162
5,39,-3908,154
5,40,-4000,-56
5,41,-3996,312
5,42,-4064,238
5,43,-4040,-48
5,44,-4188,104
5,45,-4316,84
5,46,-4140,-4
5,47,-3736,52
5,48,-4168,14
5,49,-4236,332
5,50,-3816,118
5,51,-4140,116
5,52,-4076,-8
5,53,-4420,-124
5,54,-4044,-110
5,55,-3904,124
5,56,-4148,274
5,57,-3948,102
5,58,-4104,164
5,59,-3904,-70
5,60,-3648,-140
5,61,-3792,184
5,62,-3852,232
5,63,-4052,-266
5,64,-3788,-140
5,65,-4260,24
5,66,-4004,6
5,67,-3568,182
5,68,-3668,-14
5,69,-3960,-56
5,70,-4392,90
5,71,-3816,96
5,72,-4160,18
5,73,-4196,-18
5,74,-4104,146
5,75,-3884,84
5,76,-3936,2
5,77,-3940,-36
5,78,-3852,124
5,79,-3936,36
5,80,-4148,-64
5,81,-4108,364
5,82,-4272,-178
5,83,-3940,154
5,84,-4236,48
5,85,-3612,10
5,86,-4136,-390
5,87,-4276,-158
5,88,-3720,214
5,89,-4168,30
5,90,-3900,-154
5,91,-4312,218
5,92,-4212,-44
5,93,-3896,66
5,94,-4008,-218
5,95,-3564,-98
5,96,-4060,6
5,97,-4204,58
5,98,-4216,84
5,99,-4068,156
0.1,0,-40,-94
0.1,1,-18108,-498
0.1,2,-18680,-950
0.1,3,-18968,-732
0.1,4,-19076,-570
0.1,5,-19108,-314
0.1,6,-19132,-186
0.1,7,-19176,238
0.1,8,-19200,582
0.1,9,-19232,666
0.1,10,-19252,966
0.1,11,-19268,1296
0.1,12,-19296,1346
0.1,13,-19320,1610
0.1,14,-19328,1746
0.1,15,-19348,2114
0.1,16,-19372,2458
0.1,17,-19392,2754
0.1,18,-19420,3116
0.1,19,-19432,3124
0.1,20,-19448,3278
0.1,21,-19464,3414
0.1,22,-19488,3602
0.1,23,-19500,3726
0.1,24,-19520,3964
0.1,25,-19532,4184
0.1,26,-19556,4302
0.1,27,-19568,4606
0.1,28,-19584,4932
0.1,29,-19608,5184
0.1,30,-19612,5278
0.1,31,-19632,5482
0.1,32,-19640,5436
0.1,33,-19640,5546
0.1,34,-19660,5820
0.1,35,-19676,6004
0.1,36,-19684,6256
0.1,37,-19696,6556
0.1,38,-19704,6700
0.1,39,-19720,6860
0.1,40,-19728,7076
0.1,41,-19732,7256
0.1,42,-19748,7614
0.1,43,-19776,7892
0.1,44,-19800,8270
0.1,45,-19816,8416
0.1,46,-19840,8694
0.1,47,-19864,8970
0.1,48,-19896,9246
0.1,49,-19920,9408
0.1,50,-19956,9700
0.1,51,-20004,9880
0.1,52,-20072,10000
0.1,53,-20072,10000
0.1,54,-20072,10000
0.1,55,-20072,10000
0.1,56,-20072,10000
0.1,57,-20072,10000
0.1,58,-20072,10000
0.1,59,-20072,10000
0.1,60,-20072,10000
0.1,61,-20072,10000
0.1,62,-20072,10000
0.1,63,-20072,10000
0.1,64,-20072,10000
0.1,65,-20072,10000
0.1,66,-20072,10000
0.1,67,-20072,10000
0.1,68,-20072,10000
0.1,69,-20072,10000
0.1,70,-20072,10000
0.1,71,-20072,10000
0.1,72,-20072,10000
0.1,73,-20072,10000
0.1,74,-20072,10000
0.1,75,-20072,10000
0.1,76,-20072,10000
0.1,77,-20072,10000
0.1,78,-20072,10000
0.1,79,-20072,10000
0.1,80,-20072,10000
0.1,81,-20072,10000
0.1,82,-20072,10000
0.1,83,-20072,10000
0.1,84,-20072,10000
0.1,85,-20072,10000
0.1,86,-20072,10000
0.1,87,-20072,10000
0.1,88,-20072,10000
0.1,89,-20072,10000
0.1,90,-20072,10000
0.1,91,-20072,10000
0.1,92,-20072,10000
0.1,93,-20072,10000
0.1,94,-20072,10000
0.1,95,-20072,10000
0.1,96,-20072,10000
0.1,97,-20072,10000
0.1,98,-20072,10000
0.1,99,-20072,10000
1,0,124,4
1,1,-17256,-558
1,2,-17924,-776
1,3,-18248,-1298
1,4,-18484,-1834
1,5,-18616,-1790
1,6,-18720,-2170
1,7,-18904,-2420
1,8,-18948,-2422
1,9,-19036,-2546
1,10,-19124,-2374
1,11,-19132,-2402
1,12,-19128,-2312
1,13,-19152,-2290
1,14,-19156,-2292
1,15,-19168,-2206
1,16,-19136,-2122
1,17,-19176,-2028
1,18,-19152,-1992
1,19,-19184,-1800
1,20,-19200,-1852
1,21,-19164,-1938
1,22,-19152,-2114
1,23,-19180,-2036
1,24,-19180,-1948
1,25,-19184,-1946
1,26,-19204,-1808
1,27,-19184,-1948
1,28,-19188,-1970
1,29,-19212,-1948
1,30,-19192,-2014
1,31,-19208,-2060
1,32,-19188,-2166
1,33,-19184,-1924
1,34,-19168,-1980
1,35,-19212,-2182
1,36,-19204,-2226
1,37,-19184,-2242
1,38,-19208,-2476
1,39,-19196,-2398
1,40,-19208,-2416
1,41,-19216,-2434
1,42,-19232,-2292
1,43,-19204,-2180
1,44,-19196,-2244
1,45,-19240,-2184
1,46,-19172,-2026
1,47,-19240,-1954
1,48,-19196,-1978
1,49,-19216,-1816
1,50,-19188,-1786
1,51,-19204,-1786
1,52,-19212,-1884
1,53,-19216,-1954
1,54,-19232,-2096
1,55,-19240,-2050
1,56,-19212,-1936
1,57,-19240,-1926
1,58,-19172,-1960
1,59,-19224,-1616
1,60,-19236,-1586
1,61,-19196,-1398
1,62,-19216,-1478
1,63,-19200,-1444
1,64,-19224,-1496
1,65,-19204,-1614
1,66,-19180,-1626
1,67,-19244,-1562
1,68,-19212,-1666
1,69,-19240,-1710
1,70,-19220,-1744
1,71,-19204,-1722
1,72,-19164,-1720
1,73,-19200,-1778
1,74,-19248,-1710
1,75,-19212,-1730
1,76,-19240,-1726
1,77,-19256,-1686
1,78,-19216,-1800
1,79,-19208,-2050
1,80,-19208,-1898
1,81,-19208,-2126
1,82,-19180,-2026
1,83,-19212,-2120
1,84,-19212,-2240
1,85,-19212,-2154
1,86,-19224,-2080
1,87,-19216,-2064
1,88,-19216,-2058
1,89,-19192,-2120
1,90,-19216,-2164
1,91,-19204,-2088
1,92,-19216,-2092
1,93,-19204,-1884
1,94,-19192,-1884
1,95,-19228,-1970
1,96,-19204,-1972
1,97,-19188,-1838
1,98,-19224,-1962
1,99,-19228,-1938
2.5,0,136,-152
2.5,1,-10516,-326
2.5,2,-10232,-608
2.5,3,-10472,-564
2.5,4,-10884,-1212
2.5,5,-10648,-770
2.5,6,-10500,98
2.5,7,-10536,844
2.5,8,-10872,656
2.5,9,-10892,968
2.5,10,-10872,842
2.5,11,-11036,1592
2.5,12,-10524,962
2.5,13,-10556,320
2.5,14,-10576,-220
2.5,15,-10812,-176
2.5,16,-10580,-480
2.5,17,-10840,64
2.5,18,-10916,38
2.5,19,-10540,-300
2.5,20,-11204,-1384
2.5,21,-11380,-888
2.5,22,-10804,-776
2.5,23,-10776,-1336
2.5,24,-11256,-1004
2.5,25,-10684,-716
2.5,26,-10792,-306
2.5,27,-10596,350
2.5,28,-10932,-260
2.5,29,-10708,430
2.5,30,-10656,464
2.5,31,-10948,172
2.5,32,-11048,-246
2.5,33,-10812,-250
2.5,34,-10604,-48
2.5,35,-10644,1330
2.5,36,-10404,898
2.5,37,-10468,766
2.5,38,-10948,306
2.5,39,-10712,-52
2.5,40,-10744,350
2.5,41,-10716,158
2.5,42,-10936,-52
2.5,43,-10748,742
2.5,44,-11300,-92
2.5,45,-11056,250
2.5,46,-10812,458
2.5,47,-10728,38
2.5,48,-10780,-652
2.5,49,-10920,-400
2.5,50,-10456,82
2.5,51,-10868,796
2.5,52,-10668,1620
2.5,53,-10672,1040
2.5,54,-11240,902
2.5,55,-10952,-122
2.5,56,-10992,-1058
2.5,57,-10884,-982
2.5,58,-10732,-724
2.5,59,-10588,-1182
2.5,60,-10948,-716
2.5,61,-10684,-116
2.5,62,-10468,134
2.5,63,-10588,478
2.5,64,-10540,196
2.5,65,-11056,658
2.5,66,-10552,-260
2.5,67,-10492,328
2.5,68,-10964,-620
2.5,69,-11040,772
2.5,70,-10748,336
2.5,71,-10672,1108
2.5,72,-10648,1018
2.5,73,-10852,966
2.5,74,-10632,664
2.5,75,-10912,766
2.5,76,-10864,812
2.5,77,-10952,-758
2.5,78,-11232,-706
2.5,79,-10712,394
2.5,80,-11352,152
2.5,81,-11208,420
2.5,82,-10740,948
2.5,83,-10888,918
2.5,84,-11040,700
2.5,85,-11128,432
2.5,86,-10932,872
2.5,87,-10504,330
2.5,88,-10896,734
2.5,89,-11044,1514
2.5,90,-11216,796
2.5,91,-10984,1102
2.5,92,-10720,964
2.5,93,-10828,1036
2.5,94,-11028,1628
2.5,95,-11076,788
2.5,96,-10764,1136
2.5,97,-10716,1028
2.5,98,-10392,1026
2.5,99,-11296,2052
5,0,-176,30
5,1,-4860,0
5,2,-4756,140
5,3,-4652,86
5,4,-4528,-232
5,5,-4752,-100
5,6,-4472,-118
5,7,-4680,-156
5,8,-4552,50
5,9,-4548,86
5,10,-4452,34
5,11,-4440,316
5,12,-4428,-40
5,13,-4728,8
5,14,-4468,284
5,15,-4584,142
5,16,-4352,-36
5,17,-4856,-160
5,18,-4400,-10
5,19,-4612,-96
5,20,-4620,-372
5,21,-4780,-14
5,22,-4508,-92
5,23,-4672,-168
5,24,-4764,-170
5,25,-4800,-234
5,26,-4800,-68
5,27,-4380,-126
5,28,-4572,-104
5,29,-4608,32
5,30,-4936,24
5,31,-4632,-76
5,32,-4896,114
5,33,-4332,140
5,34,-4740,160
5,35,-4804,-206
5,36,-4788,80
5,37,-4628,-28
5,38,-4432,356
5,39,-4588,106
5,40,-4556,-248
5,41,-4708,-198
5,42,-4764,-218
5,43,-4700,146
5,44,-4876,-64
5,45,-4656,-36
5,46,-4740,-178
5,47,-4712,-80
5,48,-4980,130
5,49,-4548,-126
5,50,-4516,-140
5,51,-4520,-66
5,52,-4692,0
5,53,-4556,94
5,54,-4680,60
5,55,-4508,104
5,56,-5016,132
5,57,-4272,-12
5,58,-4720,-206
5,59,-4720,130
5,60,-4744,50
5,61,-4572,-124
5,62,-4496,206
5,63,-4484,160
5,64,-4732,20
5,65,-4592,-28
5,66,-4064,162
5,67,-4864,58
5,68,-4724,-122
5,69,-4556,202
5,70,-4636,38
5,71,-4568,212
5,72,-4764,94
5,73,-4900,6
5,74,-4572,70
5,75,-4740,314
5,76,-4440,88
5,77,-4632,148
5,78,-4628,-124
5,79,-4552,-230
5,80,-4564,-72
5,81,-4696,-8
5,82,-4452,0
5,83,-4788,106
5,84,-4824,-210
5,85,-4444,180
5,86,-4604,12
5,87,-4360,142
5,88,-4396,140
5,89,-4500,-88
5,90,-4444,258
5,91,-4560,36
5,92,-4476,-200
5,93,-4584,32
5,94,-4456,-376
5,95,-4460,86
5,96,-4788,54
5,97,-4656,46
5,98,-4608,-120
5,99,-5000,132
0.1,0,-88,-180
0.1,1,-18096,278
0.1,2,-18756,240
0.1,3,-18940,342
0.1,4,-19084,386
0.1,5,-19224,568
0.1,6,-19312,630
0.1,7,-19356,632
0.1,8,-19400,576
0.1,9,-19428,494
0.1,10,-19468,428
0.1,11,-19484,598
0.1,12,-19508,480
0.1,13,-19532,642
0.1,14,-19532,1008
0.1,15,-19536,1010
0.1,16,-19556,1012
0.1,17,-19556,854
0.1,18,-19576,942
0.1,19,-19576,860
0.1,20,-19584,952
0.1,21,-19604,938
0.1,22,-19620,920
0.1,23,-19632,868
0.1,24,-19648,888
0.1,25,-19656,938
0.1,26,-19656,880
0.1,27,-19668,1020
0.1,28,-19680,972
0.1,29,-19680,1084
0.1,30,-19692,996
0.1,31,-19692,914
0.1,32,-19700,936
0.1,33,-19704,882
0.1,34,-19708,858
0.1,35,-19708,890
0.1,36,-19716,742
0.1,37,-19720,910
0.1,38,-19720,900
0.1,39,-19728,830
0.1,40,-19732,846
0.1,41,-19732,878
0.1,42,-19744,824
0.1,43,-19744,816
0.1,44,-19744,772
0.1,45,-19744,772
0.1,46,-19744,744
0.1,47,-19748,694
0.1,48,-19748,700
0.1,49,-19748,636
0.1,50,-19756,622
0.1,51,-19756,620
0.1,52,-19756,632
0.1,53,-19756,616
0.1,54,-19756,698
0.1,55,-19756,704
0.1,56,-19756,704
0.1,57,-19756,680
0.1,58,-19756,708
0.1,59,-19760,696
0.1,60,-19760,716
0.1,61,-19764,712
0.1,62,-19764,712
0.1,63,-19764,668
0.1,64,-19764,660
0.1,65,-19764,664
0.1,66,-19764,626
0.1,67,-19764,618
0.1,68,-19768,600
0.1,69,-19768,600
0.1,70,-19768,600
0.1,71,-19768,600
0.1,72,-19768,600
0.1,73,-19768,600
0.1,74,-19768,600
0.1,75,-19768,600
0.1,76,-19768,600
0.1,77,-19768,600
0.1,78,-19768,600
0.1,79,-19768,600
0.1,80,-19768,600
0.1,81,-19768,600
0.1,82,-19768,600
0.1,83,-19768,600
0.1,84,-19768,600
0.1,85,-19768,600
0.1,86,-19768,600
0.1,87,-19768,600
0.1,88,-19768,600
0.1,89,-19768,600
0.1,90,-19768,600
0.1,91,-19768,600
0.1,92,-19768,600
0.1,93,-19768,600
0.1,94,-19768,600
0.1,95,-19768,600
0.1,96,-19768,600
0.1,97,-19768,600
0.1,98,-19768,600
0.1,99,-19768,600
1,0,28,-10
1,1,-17736,-206
1,2,-18420,-568
1,3,-18740,-666
1,4,-18948,-784
1,5,-19072,-898
1,6,-19180,-1122
1,7,-19216,-966
1,8,-19260,-1024
1,9,-19272,-910
1,10,-19236,-1054
1,11,-19280,-1136
1,12,-19280,-1346
1,13,-19304,-1004
1,14,-19272,-792
1,15,-19316,-768
1,16,-19336,-870
1,17,-19304,-1078
1,18,-19320,-1180
1,19,-19320,-1246
1,20,-19352,-1078
1,21,-19372,-1154
1,22,-19364,-1172
1,23,-19352,-1134
1,24,-19340,-1242
1,25,-19376,-1230
1,26,-19372,-1392
1,27,-19352,-1718
1,28,-19360,-1714
1,29,-19348,-1894
1,30,-19348,-1804
1,31,-19360,-1902
1,32,-19396,-1970
1,33,-19384,-2000
1,34,-19400,-2006
1,35,-19348,-1950
1,36,-19412,-1798
1,37,-19412,-1680
1,38,-19404,-1776
1,39,-19404,-1864
1,40,-19424,-1838
1,41,-19348,-1928
1,42,-19388,-1980
1,43,-19416,-2168
1,44,-19424,-2102
1,45,-19424,-1920
1,46,-19396,-1812
1,47,-19420,-1812
1,48,-19428,-1668
1,49,-19408,-1614
1,50,-19368,-1540
1,51,-19404,-1390
1,52,-19448,-1330
1,53,-19400,-1482
1,54,-19392,-1596
1,55,-19432,-1432
1,56,-19368,-1420
1,57,-19420,-1430
1,58,-19408,-1526
1,59,-19400,-1464
1,60,-19420,-1572
1,61,-19404,-1354
1,62,-19400,-1330
1,63,-19428,-1448
1,64,-19416,-1578
1,65,-19436,-1586
1,66,-19424,-1434
1,67,-19424,-1378
1,68,-19408,-1274
1,69,-19400,-1244
1,70,-19388,-1166
1,71,-19424,-1160
1,72,-19356,-1366
1,73,-19424,-1416
1,74,-19392,-1228
1,75,-19400,-1252
1,76,-19452,-1506
1,77,-19412,-1412
1,78,-19408,-1482
1,79,-19400,-1366
1,80,-19408,-1434
1,81,-19416,-1370
1,82,-19396,-1460
1,83,-19424,-1442
1,84,-19396,-1472
1,85,-19420,-1476
1,86,-19376,-1460
1,87,-19424,-1672
1,88,-19436,-1562
1,89,-19428,-1430
1,90,-19440,-1342
1,91,-19432,-1458
1,92,-19408,-1444
1,93,-19416,-1364
1,94,-19404,-1316
1,95,-19380,-1168
1,96,-19392,-1196
1,97,-19384,-966
1,98,-19416,-1094
1,99,-19412,-1226
2.5,0,12,88
2.5,1,-10740,798
2.5,2,-11104,1052
2.5,3,-11288,1548
2.5,4,-11488,1880
2.5,5,-10460,1528
2.5,6,-11024,1858
2.5,7,-11048,1164
2.5,8,-11380,56
2.5,9,-11216,-596
2.5,10,-11352,1018
2.5,11,-11184,1388
2.5,12,-10792,906
2.5,13,-10952,510
2.5,14,-11400,248
2.5,15,-11528,1040
2.5,16,-10700,926
2.5,17,-10808,220
2.5,18,-10948,-62
2.5,19,-11248,148
2.5,20,-10936,694
2.5,21,-10920,1140
2.5,22,-10892,474
2.5,23,-10812,168
2.5,24,-11212,512
2.5,25,-10816,856
2.5,26,-10996,466
2.5,27,-11136,400
2.5,28,-10804,296
2.5,29,-10904,132
2.5,30,-11416,188
2.5,31,-11164,-592
2.5,32,-10696,-272
2.5,33,-11280,-952
2.5,34,-11184,-956
2.5,35,-10780,-174
2.5,36,-10872,-298
2.5,37,-10704,434
2.5,38,-11132,310
2.5,39,-11212,-200
2.5,40,-11084,-988
2.5,41,-11312,-312
2.5,42,-10944,-766
2.5,43,-11256,370
2.5,44,-11252,250
2.5,45,-10728,190
2.5,46,-11028,24
2.5,47,-10768,258
2.5,48,-11208,302
2.5,49,-10852,-198
2.5,50,-11220,428
2.5,51,-10868,364
2.5,52,-10772,-516
2.5,53,-10804,-1230
2.5,54,-11044,-762
2.5,55,-10892,-614
2.5,56,-10680,-232
2.5,57,-11068,514
2.5,58,-10632,754
2.5,59,-10716,770
2.5,60,-11152,978
2.5,61,-11064,12
2.5,62,-11116,-428
2.5,63,-10868,-946
2.5,64,-11040,-700
2.5,65,-11276,454
2.5,66,-11008,172
2.5,67,-11140,-38
2.5,68,-11256,-164
2.5,69,-11004,-478
2.5,70,-10488,4
2.5,71,-10988,578
2.5,72,-10932,556
2.5,73,-10936,800
2.5,74,-11072,426
2.5,75,-10896,84
2.5,76,-11200,-536
2.5,77,-10608,-712
2.5,78,-11036,-536
2.5,79,-10872,-462
2.5,80,-11068,-724
2.5,81,-10428,-452
2.5,82,-11272,190
2.5,83,-10932,596
2.5,84,-11100,212
2.5,85,-11380,506
2.5,86,-10868,1032
2.5,87,-10784,1044
2.5,88,-10892,676
2.5,89,-11160,270
2.5,90,-10736,244
2.5,91,-10800,0
2.5,92,-10924,568
2.5,93,-10736,-26
2.5,94,-11124,-358
2.5,95,-10968,112
2.5,96,-11316,-420
2.5,97,-10696,-1274
2.5,98,-11160,-1036
2.5,99,-11428,-70
5,0,124,-90
5,1,-4000,-84
5,2,-4048,40
5,3,-3844,50
5,4,-3880,22
5,5,-4096,-38
5,6,-3988,88
5,7,-3852,-330
5,8,-4116,-184
5,9,-4024,-28
5,10,-3972,304
5,11,-3920,154
5,12,-3948,-158
5,13,-4012,-68
5,14,-4036,-58
5,15,-4024,180
5,16,-4012,292
5,17,-3876,-28
5,18,-3836,-226
5,19,-3928,-360
5,20,-4020,188
5,21,-4384,170
5,22,-4184,-20
5,23,-4120,-196
5,24,-4232,-76
5,25,-3900,-84
5,26,-3972,130
5,27,-4072,-238
5,28,-4228,80
5,29,-3732,-140
5,30,-3672,-306
5,31,-4056,26
5,32,-4076,-110
5,33,-3948,0
5,34,-4096,-272
5,35,-4164,-118
5,36,-4108,296
5,37,-3728,-276
5,38,-3900,148
5,39,-3960,-352
5,40,-3584,-180
5,41,-4080,228
5,42,-4076,-240
5,43,-4144,194
5,44,-3924,120
5,45,-3972,-192
5,46,-3836,64
5,47,-4056,-12
5,48,-4148,120
5,49,-3768,106
5,50,-3976,-18
5,51,-4216,34
5,52,-3920,-78
5,53,-4072,176
5,54,-3924,-130
5,55,-3956,-106
5,56,-4132,-70
5,57,-3752,-56
5,58,-4156,42
5,59,-3808,110
5,60,-4032,-76
5,61,-4196,108
5,62,-4268,116
5,63,-4140,32
5,64,-3816,12
5,65,-3932,56
5,66,-3928,262
5,67,-3984,114
5,68,-4084,286
5,69,-4132,2
5,70,-4152,-92
5,71,-4428,-204
5,72,-4060,-18
5,73,-4096,-270
5,74,-4264,-258
5,75,-4100,64
5,76,-4076,-156
5,77,-4148,226
5,78,-4236,216
5,79,-3976,-94
5,80,-4168,-472
5,81,-3800,354
5,82,-4116,-126
5,83,-3980,312
5,84,-4048,208
5,85,-3848,42
5,86,-3988,-188
5,87,-4084,6
5,88,-3956,88
5,89,-4180,174
5,90,-3932,-18
5,91,-4184,524
5,92,-3924,46
5,93,-4188,-54
5,94,-3752,-108
5,95,-4220,-176
5,96,-3936,156
5,97,-4164,-482
5,98,-4104,-122
5,99,-4072,-186
0.1,0,132,102
0.1,1,-17812,2270
0.1,2,-18464,2276
0.1,3,-18668,2316
0.1,4,-18804,2362
0.1,5,-18848,2332
0.1,6,-18900,2136
0.1,7,-18940,2332
0.1,8,-19000,2432
0.1,9,-19036,2440
0.1,10,-19060,2422
0.1,11,-19092,2256
0.1,12,-19108,2196
0.1,13,-19128,2152
0.1,14,-19152,2188
0.1,15,-19156,2126
0.1,16,-19168,2180
0.1,17,-19176,2204
0.1,18,-19180,2258
0.1,19,-19196,2368
0.1,20,-19200,2016
0.1,21,-19200,1884
0.1,22,-19200,1992
0.1,23,-19200,2144
0.1,24,-19208,2380
0.1,25,-19212,2450
0.1,26,-19216,2428
0.1,27,-19232,2500
0.1,28,-19244,2448
0.1,29,-19248,2400
0.1,30,-19260,2386
0.1,31,-19264,2360
0.1,32,-19268,2446
0.1,33,-19272,2368
0.1,34,-19276,2286
0.1,35,-19284,2282
0.1,36,-19288,2368
0.1,37,-19292,2424
0.1,38,-19292,2436
0.1,39,-19292,2476
0.1,40,-19296,2528
0.1,41,-19300,2524
0.1,42,-19300,2542
0.1,43,-19304,2578
0.1,44,-19308,2532
0.1,45,-19308,2512
0.1,46,-19308,2488
0.1,47,-19308,2472
0.1,48,-19308,2484
0.1,49,-19308,2410
0.1,50,-19308,2470
0.1,51,-19308,2438
0.1,52,-19312,2464
0.1,53,-19312,2462
0.1,54,-19316,2486
0.1,55,-19316,2466
0.1,56,-19316,2482
0.1,57,-19316,2478
0.1,58,-19320,2440
0.1,59,-19320,2404
0.1,60,-19320,2400
0.1,61,-19320,2418
0.1,62,-19320,2402
0.1,63,-19320,2368
0.1,64,-19320,2358
0.1,65,-19320,2334
0.1,66,-19320,2344
0.1,67,-19324,2324
0.1,68,-19324,2354
0.1,69,-19324,2356
0.1,70,-19324,2372
0.1,71,-19324,2388
0.1,72,-19324,2374
0.1,73,-19328,2400
0.1,74,-19328,2400
0.1,75,-19328,2400
0.1,76,-19328,2400
0.1,77,-19328,2400
0.1,78,-19328,2400
0.1,79,-19328,2400
0.1,80,-19328,2400
0.1,81,-19328,2400
0.1,82,-19328,2400
0.1,83,-19328,2400
0.1,84,-19328,2400
0.1,85,-19328,2400
0.1,86,-19328,2400
0.1,87,-19328,2400
0.1,88,-19328,2400
0.1,89,-19328,2400
0.1,90,-19328,2400
0.1,91,-19328,2400
0.1,92,-19328,2400
0.1,93,-19328,2400
0.1,94,-19328,2400
0.1,95,-19328,2400
0.1,96,-19328,2400
0.1,97,-19328,2400
0.1,98,-19328,2400
0.1,99,-19328,2400
1,0,80,48
1,1,-17732,226
1,2,-18304,278
1,3,-18592,-236
1,4,-18728,-296
1,5,-18724,34
1,6,-18812,-82
1,7,-18876,270
1,8,-18876,96
1,9,-18908,130
1,10,-18960,176
1,11,-18936,152
1,12,-18948,-310
1,13,-18916,-202
1,14,-18924,166
1,15,-18948,180
1,16,-18996,-60
1,17,-18984,-262
1,18,-18940,-264
1,19,-18948,22
1,20,-19000,-34
1,21,-18964,-188
1,22,-18984,-398
1,23,-19012,-490
1,24,-18972,-492
1,25,-19004,-462
1,26,-19000,-434
1,27,-18996,-632
1,28,-18984,-570
1,29,-18976,-498
1,30,-18992,-944
1,31,-18932,-1050
1,32,-18948,-1184
1,33,-18996,-1080
1,34,-18952,-790
1,35,-19016,-756
1,36,-18980,-710
1,37,-18996,-578
1,38,-18968,-416
1,39,-18952,-426
1,40,-19004,-636
1,41,-19004,-444
1,42,-18980,-304
1,43,-18992,-512
1,44,-18964,-690
1,45,-18964,-752
1,46,-19004,-882
1,47,-18980,-1050
1,48,-19012,-1208
1,49,-18968,-1136
1,50,-19016,-1258
1,51,-18992,-1156
1,52,-18988,-966
1,53,-19012,-1096
1,54,-18976,-1092
1,55,-18984,-1232
1,56,-18960,-1506
1,57,-18976,-1380
1,58,-18968,-1300
1,59,-18960,-1036
1,60,-18988,-964
1,61,-19012,-840
1,62,-18996,-880
1,63,-18964,-1016
1,64,-18996,-1122
1,65,-18988,-1254
1,66,-18968,-1060
1,67,-18956,-1264
1,68,-18992,-1314
1,69,-18984,-1066
1,70,-18952,-1190
1,71,-19008,-1328
1,72,-18960,-1192
1,73,-18948,-982
1,74,-18984,-962
1,75,-18936,-1124
1,76,-18996,-1182
1,77,-18976,-1294
1,78,-19008,-1154
1,79,-18968,-1422
1,80,-18988,-1606
1,81,-18992,-1474
1,82,-18984,-1566
1,83,-18972,-1454
1,84,-18956,-1514
1,85,-19004,-1646
1,86,-18996,-1610
1,87,-18956,-1774
1,88,-18984,-1740
1,89,-18996,-1722
1,90,-18992,-1740
1,91,-18952,-1878
1,92,-18984,-1822
1,93,-18980,-1662
1,94,-19004,-1676
1,95,-19012,-1646
1,96,-18924,-1848
1,97,-18960,-1990
1,98,-18976,-2246
1,99,-19000,-2346
2.5,0,8,-90
2.5,1,-10796,-1026
2.5,2,-10472,158
2.5,3,-10960,266
2.5,4,-11024,-346
2.5,5,-11336,-100
2.5,6,-11208,-930
2.5,7,-11232,-1292
2.5,8,-10680,-754
2.5,9,-11040,-728
2.5,10,-10916,-462
2.5,11,-10852,-742
2.5,12,-11192,-1268
2.5,13,-11352,-870
2.5,14,-10756,-456
2.5,15,-10648,-220
2.5,16,-11068,-532
2.5,17,-11328,-322
2.5,18,-11456,10
2.5,19,-11340,-344
2.5,20,-10796,-754
2.5,21,-10992,-474
2.5,22,-10832,-148
2.5,23,-10964,566
2.5,24,-10776,152
2.5,25,-10876,148
2.5,26,-10972,-124
2.5,27,-11320,-214
2.5,28,-11100,402
2.5,29,-11060,264
2.5,30,-10716,168
2.5,31,-11116,-672
2.5,32,-11288,-848
2.5,33,-11148,-732
2.5,34,-11140,-182
2.5,35,-10952,-244
2.5,36,-10908,108
2.5,37,-10992,150
2.5,38,-11344,1012
2.5,39,-11216,674
2.5,40,-10468,-280
2.5,41,-11080,-444
2.5,42,-10892,-1050
2.5,43,-10676,-916
2.5,44,-11136,-1672
2.5,45,-10928,-1486
2.5,46,-10960,-1316
2.5,47,-10652,-958
2.5,48,-10820,-1196
2.5,49,-11116,-1608
2.5,50,-11088,-1788
2.5,51,-10888,-1842
2.5,52,-11092,-1744
2.5,53,-11004,-700
2.5,54,-11064,144
2.5,55,-10924,36
2.5,56,-11172,-514
2.5,57,-10660,-488
2.5,58,-10976,-440
2.5,59,-11320,-252
2.5,60,-10912,-276
2.5,61,-11068,-526
2.5,62,-11016,-266
2.5,63,-10864,614
2.5,64,-10872,676
2.5,65,-11252,544
2.5,66,-10972,-734
2.5,67,-11424,-1796
2.5,68,-11372,-1402
2.5,69,-11024,-1814
2.5,70,-10788,-1314
2.5,71,-11432,-778
2.5,72,-10804,136
2.5,73,-10580,244
2.5,74,-10900,728
2.5,75,-11236,736
2.5,76,-11344,968
2.5,77,-11064,732
2.5,78,-11452,706
2.5,79,-11252,-306
2.5,80,-11172,922
2.5,81,-11408,414
2.5,82,-11072,218
2.5,83,-10708,-582
2.5,84,-10692,-450
2.5,85,-10756,-392
2.5,86,-10924,54
2.5,87,-11228,-80
2.5,88,-11208,72
2.5,89,-10852,466
2.5,90,-10828,610
2.5,91,-10384,540
2.5,92,-11180,388
2.5,93,-10920,1528
2.5,94,-11228,932
2.5,95,-10500,640
2.5,96,-11264,-28
2.5,97,-10996,96
2.5,98,-10780,-434
2.5,99,-10980,938
5,0,-28,42
5,1,-4304,34
5,2,-4572,48
5,3,-4436,-160
5,4,-4420,-6
5,5,-4464,46
5,6,-4188,412
5,7,-4232,28
5,8,-4384,234
5,9,-4184,-266
5,10,-4148,150
5,11,-4168,-12
5,12,-4264,-42
5,13,-4236,-312
5,14,-4140,106
5,15,-4300,-2
5,16,-4488,-146
5,17,-4200,202
5,18,-4424,210
5,19,-4228,0
5,20,-4704,-184
5,21,-4244,98
5,22,-4300,-110
5,23,-4012,-172
5,24,-4328,-34
5,25,-4420,-62
5,26,-4164,20
5,27,-4256,88
5,28,-4232,60
5,29,-4012,12
5,30,-4496,132
5,31,-4448,-150
5,32,-4420,-164
5,33,-4212,-148
5,34,-4452,222
5,35,-4692,-170
5,36,-4152,-178
5,37,-4468,16
5,38,-4280,-2
5,39,-4308,92
5,40,-4540,-130
5,41,-4396,-288
5,42,-4204,-44
5,43,-4432,-392
5,44,-4192,-156
5,45,-4484,0
5,46,-4452,-228
5,47,-4408,98
5,48,-4360,156
5,49,-4464,4
5,50,-4232,136
5,51,-4376,-192
5,52,-4468,194
5,53,-4228,-26
5,54,-4504,-150
5,55,-4136,-68
5,56,-4412,66
5,57,-4264,-200
5,58,-4464,160
5,59,-4452,-152
5,60,-4588,274
5,61,-4144,-114
5,62,-4644,-140
5,63,-4172,74
5,64,-4264,-204
5,65,-4324,-136
5,66,-4536,194
5,67,-4552,2
5,68,-4384,-128
5,69,-4648,-186
5,70,-4288,-94
5,71,-4400,-234
5,72,-4440,-10
5,73,-4448,-116
5,74,-4612,66
5,75,-4308,-196
5,76,-4160,-44
5,77,-4280,62
5,78,-4628,102
5,79,-4516,242
5,80,-4252,-370
5,81,-4184,68
5,82,-4212,-276
5,83,-4532,402
5,84,-4276,98
5,85,-4236,-46
5,86,-4176,46
5,87,-4120,120
5,88,-4384,36
5,89,-4480,-192
5,90,-4492,-14
5,91,-4032,82
5,92,-4372,-16
5,93,-4532,98
5,94,-4248,-88
5,95,-4192,54
5,96,-4172,238
5,97,-4288,132
5,98,-4168,-186
5,99,-4468,10
