0,800,400
0.005,800,400
0.01,800,400
0.015,800,400
0.02,800,400
0.025,800,400
0.03,800,400
0.035,800,400
0.04,800,400
0.045,800,400
0.05,800,400
0.055,800,400
0.06,800,400
0.065,800,400
0.07,800,400
0.075,800,400
0.08,800,400
0.085,800,400
0.09,800,400
0.095,800,400
0.1,800,400
0.105,800,400
0.11,800,400
0.115,800,400
0.12,800,400
0.125,800,400
0.13,800,400
0.135,800,400
0.14,800,400
0.145,800,400
0.15,800,400
0.155,800,400
0.16,800,400
0.165,800,400
0.17,800,400
0.175,800,400
0.18,800,400
0.185,800,400
0.19,800,400
0.195,800,400
0.2,800,400
0.205,800,400
0.21,800,400
0.215,800,400
0.22,800,400
0.225,800,400
0.23,800,400
0.235,800,400
0.24,800,400
0.245,800,400
0.25,800,400
0.255,800,400
0.26,800,400
0.265,800,400
0.27,800,400
0.275,800,400
0.28,800,400
0.285,800,400
0.29,800,400
0.295,800,400
0.3,800,400
0.305,800,400
0.31,800,400
0.315,800,400
0.32,800,400
0.325,800,400
0.33,800,400
0.335,800,400
0.34,800,400
0.345,800,400
0.35,800,400
0.355,800,400
0.36,800,400
0.365,800,400
0.37,800,400
0.375,800,400
0.38,800,400
0.385,800,400
0.39,800,400
0.395,800,400
0.4,800,400
0.405,800,400
0.41,800,400
0.415,800,400
0.42,800,400
0.425,800,400
0.43,800,400
0.435,800,400
0.44,800,400
0.445,800,400
0.45,800,400
0.455,800,400
0.46,800,400
0.465,800,400
0.47,800,400
0.475,800,400
0.48,800,400
0.485,800,400
0.49,800,400
0.495,800,400
0.5,800,400
0.505,800,400
0.51,800,400
0.515,800,400
0.52,800,400
0.525,800,400
0.53,800,400
0.535,800,400
0.54,800,400
0.545,800,400
0.55,800,400
0.555,800,400
0.56,800,400
0.565,800,400
0.57,800,400
0.575,800,400
0.58,800,400
0.585,800,400
0.59,800,400
0.595,800,400
0.6,800,400
0.605,800,400
0.61,800,400
0.615,800,400
0.62,800,400
0.625,800,400
0.63,800,400
0.635,800,400
0.64,800,400
0.645,800,400
0.65,800,400
0.655,800,400
0.66,800,400
0.665,800,400
0.67,800,400
0.675,800,400
0.68,800,400
0.685,800,400
0.69,800,400
0.695,800,400
0.7,800,400
0.705,800,400
0.71,800,400
0.715,800,400
0.72,800,400
0.725,800,400
0.73,800,400
0.735,800,400
0.74,800,400
0.745,800,400
0.75,800,400
0.755,800,400
0.76,800,400
0.765,800,400
0.77,800,400
0.775,800,400
0.78,800,400
0.785,800,400
0.79,800,400
0.795,800,400
0.8,800,400
0.805,800,400
0.81,800,400
0.815,800,400
0.82,800,400
0.825,800,400
0.83,800,400
0.835,800,400
0.84,800,400
0.845,800,400
0.85,800,400
0.855,800,400
0.86,800,400
0.865,800,400
0.87,800,400
0.875,800,400
0.88,792,398
0.885,800,400
0.89,800,400
0.895,800,400
0.9,800,400
0.905,800,400
0.91,800,400
0.915,800,400
0.92,800,400
0.925,800,400
0.93,800,400
0.935,800,400
0.94,800,400
0.945,800,400
0.95,800,400
0.955,800,400
0.96,800,400
0.965,800,400
0.97,800,400
0.975,800,400
0.98,800,400
0.985,800,400
0.99,800,400
0.995,800,400
1,800,400
1.005,800,400
1.01,800,400
1.015,800,400
1.02,792,398
1.025,792,398
1.03,800,400
1.035,800,400
1.04,800,400
1.045,784,396
1.05,800,400
1.055,800,400
1.06,800,400
1.065,792,398
1.07,800,400
1.075,800,400
1.08,800,400
1.085,792,398
1.09,800,400
1.095,800,400
1.1,788,396
1.105,792,398
1.11,792,398
1.115,800,400
1.12,792,398
1.125,792,398
1.13,800,400
1.135,800,400
1.14,800,400
1.145,792,398
1.15,800,400
1.155,800,400
1.16,800,400
1.165,800,400
1.17,800,400
1.175,784,396
1.18,792,398
1.185,800,400
1.19,800,400
1.195,800,400
1.2,800,400
1.205,800,400
1.21,800,400
1.215,788,396
1.22,792,398
1.225,792,398
1.23,800,400
1.235,800,400
1.24,800,400
1.245,788,396
1.25,800,400
1.255,800,400
1.26,792,398
1.265,800,400
1.27,780,394
1.275,792,398
1.28,800,400
1.285,800,400
1.29,800,400
1.295,784,396
1.3,780,394
1.305,800,400
1.31,792,398
1.315,792,398
1.32,788,396
1.325,792,398
1.33,792,398
1.335,784,396
1.34,792,398
1.345,792,398
1.35,800,400
1.355,800,400
1.36,784,396
1.365,776,394
1.37,784,396
1.375,800,400
1.38,792,398
1.385,788,396
1.39,792,398
1.395,776,394
1.4,800,400
1.405,776,394
1.41,772,392
1.415,772,386
1.42,776,394
1.425,800,400
1.43,776,394
1.435,800,400
1.44,800,400
1.445,800,400
1.45,776,394
1.455,784,396
1.46,792,398
1.465,784,396
1.47,764,390
1.475,800,400
1.48,768,392
1.485,792,398
1.49,764,390
1.495,776,394
1.5,768,392
1.505,764,388
1.51,788,396
1.515,748,386
1.52,760,390
1.525,776,394
1.53,792,398
1.535,776,394
1.54,784,396
1.545,800,400
1.55,752,386
1.555,768,392
1.56,768,392
1.565,784,396
1.57,772,392
1.575,784,396
1.58,736,380
1.585,776,394
1.59,720,376
1.595,748,384
1.6,784,396
1.605,768,392
1.61,784,396
1.615,768,390
1.62,740,384
1.625,780,394
1.63,748,386
1.635,764,390
1.64,752,384
1.645,784,396
1.65,724,378
1.655,752,384
1.66,784,396
1.665,772,392
1.67,768,392
1.675,764,390
1.68,740,384
1.685,744,384
1.69,720,370
1.695,792,398
1.7,732,380
1.705,740,384
1.71,720,360
1.715,756,388
1.72,764,388
1.725,776,394
1.73,760,388
1.735,760,388
1.74,768,388
1.745,720,378
1.75,756,386
1.755,724,374
1.76,752,388
1.765,728,376
1.77,760,388
1.775,760,390
1.78,696,372
1.785,744,380
1.79,696,368
1.795,724,378
1.8,740,384
1.805,752,388
1.81,744,384
1.815,760,390
1.82,748,386
1.825,740,384
1.83,680,364
1.835,768,392
1.84,748,386
1.845,728,376
1.85,692,364
1.855,688,368
1.86,720,376
1.865,780,394
1.87,704,372
1.875,748,384
1.88,760,388
1.885,696,374
1.89,744,382
1.895,708,372
1.9,720,376
1.905,744,386
1.91,748,384
1.915,760,382
1.92,688,360
1.925,768,390
1.93,704,348
1.935,720,378
1.94,708,372
1.945,708,362
1.95,740,384
1.955,700,366
1.96,732,376
1.965,672,360
1.97,728,382
1.975,764,390
1.98,720,376
1.985,652,322
1.99,708,370
1.995,728,378
2,696,368
2.005,696,366
2.01,768,392
2.015,672,356
2.02,720,376
2.025,684,364
2.03,680,360
2.035,592,310
2.04,688,362
2.045,656,354
2.05,632,312
2.055,732,382
2.06,648,338
2.065,676,352
2.07,696,362
2.075,720,378
2.08,704,372
2.085,660,346
2.09,696,368
2.095,728,366
2.1,580,304
2.105,680,350
2.11,724,378
2.115,628,330
2.12,660,354
2.125,708,376
2.13,668,338
2.135,684,352
2.14,612,292
2.145,692,362
2.15,628,332
2.155,640,290
2.16,636,340
2.165,656,354
2.17,668,342
2.175,572,294
2.18,556,284
2.185,732,380
2.19,624,344
2.195,572,296
2.2,616,316
2.205,608,330
2.21,472,272
2.215,636,340
2.22,600,298
2.225,560,288
2.23,636,316
2.235,648,338
2.24,648,346
2.245,456,106
2.25,516,-206
2.255,584,-286
2.26,612,-322
2.265,656,-352
2.27,560,-288
2.275,536,-194
2.28,412,-114
2.285,492,-160
2.29,564,-286
2.295,616,-336
2.3,492,-158
2.305,524,-294
2.31,552,-292
2.315,564,-274
2.32,444,-64
2.325,528,-218
2.33,456,8
2.335,624,-338
2.34,568,-306
2.345,476,-154
2.35,604,-308
2.355,424,40
2.36,616,332
2.365,584,298
2.37,460,168
2.375,584,248
2.38,616,242
2.385,440,-194
2.39,556,-128
2.395,532,-264
2.4,548,-284
2.405,528,-254
2.41,488,-148
2.415,408,0
2.42,504,-30
2.425,540,-298
2.43,532,-258
2.435,532,-224
2.44,380,36
2.445,564,292
2.45,536,276
2.455,452,-8
2.46,452,192
2.465,452,132
2.47,384,-158
2.475,496,248
2.48,412,64
2.485,424,208
2.49,444,94
2.495,448,220
2.5,448,-204
2.505,432,24
2.51,436,-204
2.515,452,192
2.52,316,22
2.525,436,184
2.53,396,-18
2.535,380,74
2.54,448,-96
2.545,492,-6
2.55,440,208
2.555,444,-214
2.56,404,-12
2.565,472,136
2.57,444,30
2.575,408,-166
2.58,452,130
2.585,428,210
2.59,436,-212
2.595,596,-330
2.6,344,34
2.605,428,200
2.61,364,-100
2.615,436,158
2.62,372,-102
2.625,336,20
2.63,396,-52
2.635,428,78
2.64,440,20
2.645,420,118
2.65,316,38
2.655,392,28
2.66,424,148
2.665,424,54
2.67,436,26
2.675,344,-76
2.68,460,-58
2.685,416,88
2.69,404,28
2.695,380,88
2.7,416,82
2.705,452,-134
2.71,384,14
2.715,380,94
2.72,332,24
2.725,356,116
2.73,332,116
2.735,352,88
2.74,356,66
2.745,340,-60
2.75,296,-16
2.755,332,38
2.76,364,-2
2.765,360,12
2.77,416,-178
2.775,304,60
2.78,340,84
2.785,380,46
2.79,372,122
2.795,404,-54
2.8,336,-24
2.805,372,22
2.81,400,-54
2.815,436,12
2.82,316,-112
2.825,428,-4
2.83,332,-70
2.835,420,-68
2.84,336,96
2.845,340,106
2.85,380,-48
2.855,352,32
2.86,360,-160
2.865,448,-212
2.87,308,78
2.875,284,-22
2.88,320,-106
2.885,324,-54
2.89,388,2
2.895,248,-52
2.9,320,-40
2.905,316,54
2.91,312,-16
2.915,376,-28
2.92,364,10
2.925,372,28
2.93,304,96
2.935,268,-40
2.94,356,-50
2.945,304,16
2.95,248,60
2.955,420,-88
2.96,328,-18
2.965,380,-82
2.97,328,-44
2.975,300,-8
2.98,340,-70
2.985,340,72
2.99,384,136
2.995,296,-52
3,368,-8
3.005,352,-106
3.01,348,32
3.015,360,-88
3.02,312,64
3.025,292,106
3.03,328,58
3.035,308,48
3.04,292,28
3.045,380,-14
3.05,304,96
3.055,304,40
3.06,308,-52
3.065,252,8
3.07,292,32
3.075,312,-48
3.08,276,22
3.085,352,2
3.09,392,98
3.095,312,-44
3.1,340,-40
3.105,264,-22
3.11,308,-60
3.115,236,-70
3.12,360,-2
3.125,304,2
3.13,304,-58
3.135,284,-20
3.14,372,14
3.145,340,84
3.15,256,-78
3.155,340,100
3.16,280,10
3.165,272,-60
3.17,352,160
3.175,236,22
3.18,340,98
3.185,288,52
3.19,348,-116
3.195,240,20
3.2,232,44
3.205,284,4
3.21,252,-18
3.215,288,26
3.22,288,-54
3.225,324,0
3.23,308,-4
3.235,288,4
3.24,280,44
3.245,288,26
3.25,300,-36
3.255,260,0
3.26,272,30
3.265,284,-26
3.27,260,76
3.275,300,-38
3.28,276,0
3.285,240,56
3.29,296,60
3.295,288,-88
3.3,304,-32
3.305,296,56
3.31,272,-38
3.315,320,30
3.32,280,2
3.325,304,86
3.33,304,-30
3.335,304,28
3.34,272,-46
3.345,300,72
3.35,248,-24
3.355,296,32
3.36,280,38
3.365,212,14
3.37,256,-4
3.375,300,-28
3.38,232,16
3.385,272,-76
3.39,264,-44
3.395,292,-28
3.4,272,54
3.405,220,28
3.41,316,-4
3.415,260,-16
3.42,296,116
3.425,300,-10
3.43,256,-22
3.435,268,8
3.44,264,-38
3.445,232,-46
3.45,260,-52
3.455,252,8
3.46,224,-60
3.465,208,-4
3.47,308,-96
3.475,272,-76
3.48,260,32
3.485,244,-36
3.49,260,-50
3.495,184,-4
3.5,204,4
3.505,244,-102
3.51,240,-30
3.515,256,-10
3.52,276,-34
3.525,252,16
3.53,316,-10
3.535,260,-24
3.54,248,26
3.545,248,-14
3.55,248,-36
3.555,264,76
3.56,284,-52
3.565,256,14
3.57,324,-82
3.575,260,80
3.58,212,58
3.585,276,-68
3.59,216,-10
3.595,280,68
3.6,248,-20
3.605,212,-62
3.61,196,-38
3.615,248,6
3.62,272,74
3.625,284,8
3.63,256,32
3.635,268,80
3.64,228,16
3.645,240,40
3.65,248,22
3.655,240,-40
3.66,264,-16
3.665,244,24
3.67,188,30
3.675,220,-56
3.68,256,-40
3.685,296,88
3.69,272,-48
3.695,292,16
3.7,232,38
3.705,248,0
3.71,272,-60
3.715,268,-6
3.72,232,36
3.725,320,-38
3.73,192,-18
3.735,284,-16
3.74,220,44
3.745,288,-44
3.75,248,18
3.755,192,4
3.76,296,70
3.765,224,-18
3.77,232,-56
3.775,224,-22
3.78,256,-30
3.785,252,-4
3.79,252,52
3.795,240,-14
3.8,196,-26
3.805,188,-44
3.81,292,22
3.815,288,104
3.82,212,62
3.825,192,24
3.83,252,-22
3.835,280,24
3.84,260,30
3.845,264,-80
3.85,232,-22
3.855,260,-8
3.86,180,26
3.865,240,40
3.87,184,0
3.875,244,24
3.88,212,86
3.885,280,48
3.89,228,-72
3.895,188,38
3.9,224,6
3.905,228,-4
3.91,244,-16
3.915,244,-94
3.92,216,8
3.925,224,-26
3.93,188,50
3.935,208,-10
3.94,220,-30
3.945,192,-76
3.95,200,46
3.955,220,0
3.96,212,-16
3.965,256,24
3.97,228,0
3.975,268,-106
3.98,168,32
3.985,308,-24
3.99,184,12
3.995,224,-22
4,224,2
4.005,252,10
4.01,252,-50
4.015,268,100
4.02,204,-24
4.025,208,8
4.03,172,16
4.035,136,-4
4.04,192,44
4.045,204,56
4.05,204,-24
4.055,216,-16
4.06,184,-2
4.065,224,-40
4.07,220,10
4.075,192,-52
4.08,220,-30
4.085,216,-34
4.09,220,-58
4.095,220,-40
4.1,192,-6
4.105,224,10
4.11,168,44
4.115,204,42
4.12,244,-56
4.125,192,42
4.13,172,-6
4.135,196,18
4.14,148,26
4.145,236,0
4.15,220,-20
4.155,228,-68
4.16,180,24
4.165,188,-2
4.17,152,-26
4.175,216,36
4.18,192,22
4.185,216,32
4.19,240,34
4.195,252,-52
4.2,160,-6
4.205,192,-14
4.21,244,0
4.215,184,-12
4.22,192,0
4.225,224,-56
4.23,188,-2
4.235,264,42
4.24,260,-130
4.245,180,-64
4.25,224,4
4.255,200,8
4.26,256,2
4.265,168,-74
4.27,224,6
4.275,208,0
4.28,180,46
4.285,152,-28
4.29,216,70
4.295,244,66
4.3,204,-66
4.305,244,24
4.31,184,-24
4.315,180,-4
4.32,252,-54
4.325,212,2
4.33,212,2
4.335,204,-26
4.34,160,-18
4.345,224,-46
4.35,192,-14
4.355,212,-8
4.36,188,16
4.365,180,-24
4.37,204,-4
4.375,208,14
4.38,196,-2
4.385,196,4
4.39,196,30
4.395,220,-80
4.4,220,-8
4.405,192,78
4.41,208,66
4.415,156,-2
4.42,180,-100
4.425,172,32
4.43,184,-30
4.435,240,6
4.44,148,-42
4.445,156,18
4.45,200,30
4.455,208,16
4.46,256,28
4.465,152,22
4.47,224,-30
4.475,188,-26
4.48,160,-2
4.485,188,8
4.49,220,-22
4.495,148,26
4.5,208,-46
4.505,120,26
4.51,180,-16
4.515,168,-20
4.52,172,-58
4.525,176,-4
4.53,200,-38
4.535,112,44
4.54,140,-54
4.545,172,-52
4.55,172,-44
4.555,228,-34
4.56,168,-50
4.565,152,46
4.57,160,0
4.575,192,26
4.58,180,10
4.585,224,-6
4.59,188,-26
4.595,148,-14
4.6,168,-6
4.605,236,-2
4.61,168,-14
4.615,180,-114
4.62,216,68
4.625,204,26
4.63,192,8
4.635,172,88
4.64,120,-30
4.645,200,16
4.65,176,-28
4.655,156,-22
4.66,176,-20
4.665,164,-8
4.67,164,-34
4.675,220,68
4.68,216,-30
4.685,176,-36
4.69,108,-54
4.695,160,-36
4.7,236,-34
4.705,192,0
4.71,164,-14
4.715,204,-10
4.72,164,12
4.725,148,36
4.73,160,22
4.735,160,-60
4.74,152,-30
4.745,208,-16
4.75,184,-64
4.755,108,-16
4.76,160,-22
4.765,184,-10
4.77,148,42
4.775,220,-24
4.78,204,-82
4.785,196,4
4.79,184,40
4.795,176,-112
4.8,168,-14
4.805,172,-48
4.81,180,-28
4.815,176,6
4.82,148,-28
4.825,184,80
4.83,168,12
4.835,140,30
4.84,84,8
4.845,188,-46
4.85,208,46
4.855,172,32
4.86,164,56
4.865,180,24
4.87,200,6
4.875,188,-10
4.88,180,-38
4.885,212,-14
4.89,220,2
4.895,136,-18
4.9,184,-100
4.905,188,42
4.91,148,28
4.915,176,-46
4.92,180,2
4.925,236,-72
4.93,176,12
4.935,156,-18
4.94,140,38
4.945,140,10
4.95,180,10
4.955,144,18
4.96,176,-80
4.965,216,-32
4.97,208,-20
4.975,140,-30
4.98,148,-14
4.985,144,-12
4.99,144,28
4.995,164,-12
