0.1,0,-32,-14
0.1,1,-352,-56
0.1,2,-476,-94
0.1,3,-544,-110
0.1,4,-584,-140
0.1,5,-640,-152
0.1,6,-660,-170
0.1,7,-676,-188
0.1,8,-696,-200
0.1,9,-736,-222
0.1,10,-740,-254
0.1,11,-752,-260
0.1,12,-756,-262
0.1,13,-760,-266
0.1,14,-768,-294
0.1,15,-784,-312
0.1,16,-788,-322
0.1,17,-800,-340
0.1,18,-816,-352
0.1,19,-836,-384
0.1,20,-836,-380
0.1,21,-840,-390
0.1,22,-848,-396
0.1,23,-848,-394
0.1,24,-852,-396
0.1,25,-856,-398
0.1,26,-856,-398
0.1,27,-864,-400
0.1,28,-864,-400
0.1,29,-864,-400
0.1,30,-864,-400
0.1,31,-864,-400
0.1,32,-864,-400
0.1,33,-864,-400
0.1,34,-864,-400
0.1,35,-864,-400
0.1,36,-864,-400
0.1,37,-864,-400
0.1,38,-864,-400
0.1,39,-864,-400
0.1,40,-864,-400
0.1,41,-864,-400
0.1,42,-864,-400
0.1,43,-864,-400
0.1,44,-864,-400
0.1,45,-864,-400
0.1,46,-864,-400
0.1,47,-864,-400
0.1,48,-864,-400
0.1,49,-864,-400
0.1,50,-864,-400
0.1,51,-864,-400
0.1,52,-864,-400
0.1,53,-864,-400
0.1,54,-864,-400
0.1,55,-864,-400
0.1,56,-864,-400
0.1,57,-864,-400
0.1,58,-864,-400
0.1,59,-864,-400
0.1,60,-864,-400
0.1,61,-864,-400
0.1,62,-864,-400
0.1,63,-864,-400
0.1,64,-864,-400
0.1,65,-864,-400
0.1,66,-864,-400
0.1,67,-864,-400
0.1,68,-864,-400
0.1,69,-864,-400
0.1,70,-864,-400
0.1,71,-864,-400
0.1,72,-864,-400
0.1,73,-864,-400
0.1,74,-864,-400
0.1,75,-864,-400
0.1,76,-864,-400
0.1,77,-864,-400
0.1,78,-864,-400
0.1,79,-864,-400
0.1,80,-864,-400
0.1,81,-864,-400
0.1,82,-864,-400
0.1,83,-864,-400
0.1,84,-864,-400
0.1,85,-864,-400
0.1,86,-864,-400
0.1,87,-864,-400
0.1,88,-864,-400
0.1,89,-864,-400
0.1,90,-864,-400
0.1,91,-864,-400
0.1,92,-864,-400
0.1,93,-864,-400
0.1,94,-864,-400
0.1,95,-864,-400
0.1,96,-864,-400
0.1,97,-864,-400
0.1,98,-864,-400
0.1,99,-864,-400
1,0,52,-6
1,1,-192,-24
1,2,-332,-60
1,3,-372,-80
1,4,-412,-98
1,5,-448,-108
1,6,-496,-112
1,7,-512,-112
1,8,-512,-112
1,9,-520,-116
1,10,-536,-128
1,11,-532,-118
1,12,-548,-100
1,13,-544,-104
1,14,-540,-94
1,15,-544,-106
1,16,-552,-88
1,17,-560,-110
1,18,-568,-112
1,19,-568,-118
1,20,-576,-118
1,21,-580,-122
1,22,-584,-124
1,23,-592,-122
1,24,-588,-118
1,25,-592,-124
1,26,-588,-126
1,27,-592,-112
1,28,-572,-124
1,29,-580,-120
1,30,-584,-116
1,31,-584,-116
1,32,-596,-94
1,33,-592,-106
1,34,-596,-96
1,35,-584,-82
1,36,-592,-78
1,37,-580,-82
1,38,-588,-84
1,39,-584,-66
1,40,-592,-70
1,41,-588,-86
1,42,-588,-90
1,43,-600,-94
1,44,-588,-84
1,45,-580,-84
1,46,-588,-92
1,47,-588,-102
1,48,-584,-102
1,49,-588,-90
1,50,-592,-84
1,51,-580,-84
1,52,-580,-82
1,53,-580,-86
1,54,-584,-88
1,55,-584,-88
1,56,-592,-70
1,57,-588,-80
1,58,-580,-96
1,59,-588,-104
1,60,-592,-98
1,61,-588,-90
1,62,-592,-118
1,63,-604,-122
1,64,-608,-126
1,65,-604,-124
1,66,-592,-122
1,67,-600,-124
1,68,-600,-136
1,69,-600,-134
1,70,-600,-130
1,71,-596,-130
1,72,-604,-132
1,73,-604,-142
1,74,-608,-148
1,75,-608,-144
1,76,-600,-142
1,77,-608,-150
1,78,-612,-154
1,79,-608,-160
1,80,-608,-160
1,81,-612,-152
1,82,-608,-148
1,83,-608,-146
1,84,-608,-136
1,85,-608,-126
1,86,-608,-128
1,87,-604,-132
1,88,-604,-130
1,89,-608,-132
1,90,-604,-128
1,91,-600,-124
1,92,-600,-134
1,93,-596,-130
1,94,-596,-122
1,95,-600,-118
1,96,-600,-120
1,97,-604,-126
1,98,-600,-136
1,99,-596,-136
2.5,0,4,-36
2.5,1,-204,-26
2.5,2,-288,-44
2.5,3,-312,-48
2.5,4,-376,-6
2.5,5,-400,38
2.5,6,-440,56
2.5,7,-420,44
2.5,8,-412,48
2.5,9,-408,56
2.5,10,-388,92
2.5,11,-428,112
2.5,12,-388,110
2.5,13,-408,80
2.5,14,-376,84
2.5,15,-372,108
2.5,16,-348,86
2.5,17,-396,112
2.5,18,-436,98
2.5,19,-440,102
2.5,20,-392,120
2.5,21,-384,118
2.5,22,-372,122
2.5,23,-348,100
2.5,24,-384,92
2.5,25,-388,122
2.5,26,-432,130
2.5,27,-408,162
2.5,28,-432,184
2.5,29,-416,186
2.5,30,-492,210
2.5,31,-460,226
2.5,32,-464,220
2.5,33,-476,214
2.5,34,-492,248
2.5,35,-520,270
2.5,36,-492,284
2.5,37,-532,294
2.5,38,-468,266
2.5,39,-464,256
2.5,40,-520,278
2.5,41,-512,270
2.5,42,-496,246
2.5,43,-484,236
2.5,44,-524,260
2.5,45,-516,270
2.5,46,-500,266
2.5,47,-528,272
2.5,48,-496,274
2.5,49,-532,266
2.5,50,-532,270
2.5,51,-528,274
2.5,52,-548,268
2.5,53,-556,278
2.5,54,-520,272
2.5,55,-528,248
2.5,56,-512,244
2.5,57,-500,236
2.5,58,-532,278
2.5,59,-520,254
2.5,60,-472,226
2.5,61,-472,222
2.5,62,-456,200
2.5,63,-460,200
2.5,64,-436,206
2.5,65,-440,220
2.5,66,-452,224
2.5,67,-452,214
2.5,68,-440,230
2.5,69,-436,206
2.5,70,-408,174
2.5,71,-432,162
2.5,72,-424,162
2.5,73,-364,158
2.5,74,-364,196
2.5,75,-408,188
2.5,76,-420,206
2.5,77,-424,196
2.5,78,-452,218
2.5,79,-472,230
2.5,80,-492,206
2.5,81,-520,238
2.5,82,-484,244
2.5,83,-520,230
2.5,84,-428,224
2.5,85,-492,234
2.5,86,-488,238
2.5,87,-460,236
2.5,88,-484,228
2.5,89,-488,256
2.5,90,-480,244
2.5,91,-452,176
2.5,92,-424,162
2.5,93,-392,166
2.5,94,-372,146
2.5,95,-412,138
2.5,96,-404,122
2.5,97,-436,128
2.5,98,-460,92
2.5,99,-432,110
5,0,12,24
5,1,-120,54
5,2,-196,8
5,3,-156,-12
5,4,-128,-48
5,5,-124,-58
5,6,-176,-86
5,7,-136,-72
5,8,-132,-20
5,9,-136,-36
5,10,-104,10
5,11,-104,-16
5,12,-180,-58
5,13,-176,-96
5,14,-156,-70
5,15,-152,14
5,16,-156,18
5,17,-124,34
5,18,-168,6
5,19,-164,0
5,20,-172,8
5,21,-148,2
5,22,-200,16
5,23,-128,42
5,24,-92,8
5,25,-120,14
5,26,-108,-2
5,27,-136,0
5,28,-172,8
5,29,-116,-2
5,30,-160,-34
5,31,-180,-30
5,32,-168,20
5,33,-148,20
5,34,-172,40
5,35,-188,34
5,36,-188,42
5,37,-132,44
5,38,-124,4
5,39,-120,-6
5,40,-128,-38
5,41,-176,-46
5,42,-168,-70
5,43,-80,-108
5,44,-116,-60
5,45,-124,-30
5,46,-104,-28
5,47,-140,-28
5,48,-156,-8
5,49,-200,2
5,50,-128,-12
5,51,-180,-74
5,52,-148,-76
5,53,-172,-80
5,54,-164,-60
5,55,-124,-32
5,56,-124,-38
5,57,-116,-18
5,58,-148,-26
5,59,-116,14
5,60,-144,16
5,61,-120,36
5,62,-132,8
5,63,-156,50
5,64,-180,42
5,65,-168,6
5,66,-140,88
5,67,-148,24
5,68,-92,4
5,69,-120,-46
5,70,-204,-74
5,71,-192,-38
5,72,-176,20
5,73,-160,-4
5,74,-188,-70
5,75,-164,-64
5,76,-156,-12
5,77,-132,-26
5,78,-156,-22
5,79,-148,-66
5,80,-156,-42
5,81,-140,-54
5,82,-152,-16
5,83,-152,0
5,84,-172,-4
5,85,-156,36
5,86,-100,36
5,87,-100,36
5,88,-116,22
5,89,-132,46
5,90,-216,86
5,91,-128,16
5,92,-152,-10
5,93,-196,-50
5,94,-168,-58
5,95,-124,-26
5,96,-164,-14
5,97,-176,18
5,98,-144,26
5,99,-140,-4
0.1,0,-16,-24
0.1,1,-320,-60
0.1,2,-448,-80
0.1,3,-524,-112
0.1,4,-544,-134
0.1,5,-584,-112
0.1,6,-620,-122
0.1,7,-624,-136
0.1,8,-640,-162
0.1,9,-656,-172
0.1,10,-676,-188
0.1,11,-696,-186
0.1,12,-696,-194
0.1,13,-712,-198
0.1,14,-732,-196
0.1,15,-732,-202
0.1,16,-732,-212
0.1,17,-736,-210
0.1,18,-736,-208
0.1,19,-736,-206
0.1,20,-736,-202
0.1,21,-736,-204
0.1,22,-736,-226
0.1,23,-744,-246
0.1,24,-744,-240
0.1,25,-756,-262
0.1,26,-756,-272
0.1,27,-756,-278
0.1,28,-756,-276
0.1,29,-756,-286
0.1,30,-756,-290
0.1,31,-756,-296
0.1,32,-756,-306
0.1,33,-760,-304
0.1,34,-760,-310
0.1,35,-768,-322
0.1,36,-768,-322
0.1,37,-776,-334
0.1,38,-776,-328
0.1,39,-780,-328
0.1,40,-780,-342
0.1,41,-788,-360
0.1,42,-792,-368
0.1,43,-796,-370
0.1,44,-800,-378
0.1,45,-800,-382
0.1,46,-808,-384
0.1,47,-812,-392
0.1,48,-824,-398
0.1,49,-832,-400
0.1,50,-832,-400
0.1,51,-832,-400
0.1,52,-832,-400
0.1,53,-832,-400
0.1,54,-832,-400
0.1,55,-832,-400
0.1,56,-832,-400
0.1,57,-832,-400
0.1,58,-832,-400
0.1,59,-832,-400
0.1,60,-832,-400
0.1,61,-832,-400
0.1,62,-832,-400
0.1,63,-832,-400
0.1,64,-832,-400
0.1,65,-832,-400
0.1,66,-832,-400
0.1,67,-832,-400
0.1,68,-832,-400
0.1,69,-832,-400
0.1,70,-832,-400
0.1,71,-832,-400
0.1,72,-832,-400
0.1,73,-832,-400
0.1,74,-832,-400
0.1,75,-832,-400
0.1,76,-832,-400
0.1,77,-832,-400
0.1,78,-832,-400
0.1,79,-832,-400
0.1,80,-832,-400
0.1,81,-832,-400
0.1,82,-832,-400
0.1,83,-832,-400
0.1,84,-832,-400
0.1,85,-832,-400
0.1,86,-832,-400
0.1,87,-832,-400
0.1,88,-832,-400
0.1,89,-832,-400
0.1,90,-832,-400
0.1,91,-832,-400
0.1,92,-832,-400
0.1,93,-832,-400
0.1,94,-832,-400
0.1,95,-832,-400
0.1,96,-832,-400
0.1,97,-832,-400
0.1,98,-832,-400
0.1,99,-832,-400
1,0,4,-8
1,1,-252,-42
1,2,-384,-48
1,3,-436,-56
1,4,-484,-14
1,5,-516,-2
1,6,-564,-12
1,7,-580,-28
1,8,-600,-10
1,9,-620,-14
1,10,-624,-10
1,11,-632,-8
1,12,-648,-18
1,13,-652,-26
1,14,-664,-46
1,15,-660,-38
1,16,-672,-40
1,17,-664,-50
1,18,-668,-36
1,19,-668,-44
1,20,-664,-46
1,21,-668,-48
1,22,-672,-48
1,23,-672,-40
1,24,-676,-40
1,25,-680,-48
1,26,-676,-40
1,27,-684,-42
1,28,-684,-50
1,29,-684,-44
1,30,-688,-28
1,31,-684,-22
1,32,-676,-28
1,33,-684,-28
1,34,-680,-18
1,35,-680,0
1,36,-688,8
1,37,-688,18
1,38,-688,16
1,39,-688,2
1,40,-692,14
1,41,-680,20
1,42,-680,12
1,43,-688,10
1,44,-688,0
1,45,-688,14
1,46,-688,24
1,47,-692,26
1,48,-684,36
1,49,-688,32
1,50,-688,32
1,51,-688,34
1,52,-688,18
1,53,-692,8
1,54,-696,22
1,55,-692,14
1,56,-688,16
1,57,-688,10
1,58,-696,8
1,59,-700,2
1,60,-700,6
1,61,-692,18
1,62,-688,28
1,63,-684,34
1,64,-688,28
1,65,-688,26
1,66,-692,18
1,67,-692,16
1,68,-692,18
1,69,-696,32
1,70,-696,36
1,71,-704,40
1,72,-704,40
1,73,-704,38
1,74,-704,36
1,75,-696,26
1,76,-688,24
1,77,-692,28
1,78,-676,14
1,79,-688,18
1,80,-692,16
1,81,-688,16
1,82,-692,20
1,83,-692,2
1,84,-692,4
1,85,-688,-2
1,86,-688,-2
1,87,-692,2
1,88,-688,-16
1,89,-692,-16
1,90,-684,-16
1,91,-684,-8
1,92,-692,-8
1,93,-688,-6
1,94,-696,-16
1,95,-696,-16
1,96,-696,-8
1,97,-696,-4
1,98,-696,-20
1,99,-696,-24
2.5,0,4,-16
2.5,1,-212,-10
2.5,2,-236,14
2.5,3,-304,68
2.5,4,-344,48
2.5,5,-400,64
2.5,6,-404,44
2.5,7,-448,36
2.5,8,-428,44
2.5,9,-448,48
2.5,10,-444,22
2.5,11,-400,-8
2.5,12,-468,4
2.5,13,-516,-8
2.5,14,-456,26
2.5,15,-472,26
2.5,16,-460,20
2.5,17,-460,-12
2.5,18,-448,-12
2.5,19,-464,-18
2.5,20,-452,-54
2.5,21,-460,-24
2.5,22,-504,-42
2.5,23,-428,-30
2.5,24,-408,-18
2.5,25,-408,30
2.5,26,-388,6
2.5,27,-420,16
2.5,28,-412,10
2.5,29,-404,16
2.5,30,-368,-6
2.5,31,-392,-2
2.5,32,-316,8
2.5,33,-396,-32
2.5,34,-424,-76
2.5,35,-464,-132
2.5,36,-448,-132
2.5,37,-484,-178
2.5,38,-464,-176
2.5,39,-416,-210
2.5,40,-380,-176
2.5,41,-476,-196
2.5,42,-488,-204
2.5,43,-492,-248
2.5,44,-460,-222
2.5,45,-432,-208
2.5,46,-460,-238
2.5,47,-436,-220
2.5,48,-480,-262
2.5,49,-504,-266
2.5,50,-540,-282
2.5,51,-528,-284
2.5,52,-540,-298
2.5,53,-596,-310
2.5,54,-520,-262
2.5,55,-492,-270
2.5,56,-488,-254
2.5,57,-484,-246
2.5,58,-520,-260
2.5,59,-544,-292
2.5,60,-576,-316
2.5,61,-536,-306
2.5,62,-532,-304
2.5,63,-532,-298
2.5,64,-496,-274
2.5,65,-484,-274
2.5,66,-508,-286
2.5,67,-548,-304
2.5,68,-588,-302
2.5,69,-564,-306
2.5,70,-528,-284
2.5,71,-512,-280
2.5,72,-448,-242
2.5,73,-512,-264
2.5,74,-512,-278
2.5,75,-544,-280
2.5,76,-544,-250
2.5,77,-476,-220
2.5,78,-480,-234
2.5,79,-412,-210
2.5,80,-452,-212
2.5,81,-420,-172
2.5,82,-400,-118
2.5,83,-424,-84
2.5,84,-436,-94
2.5,85,-436,-90
2.5,86,-448,-80
2.5,87,-444,-118
2.5,88,-404,-108
2.5,89,-404,-102
2.5,90,-436,-120
2.5,91,-428,-146
2.5,92,-420,-178
2.5,93,-404,-160
2.5,94,-472,-216
2.5,95,-468,-208
2.5,96,-460,-184
2.5,97,-428,-184
2.5,98,-448,-198
2.5,99,-436,-158
5,0,20,2
5,1,-72,2
5,2,-104,26
5,3,-152,-12
5,4,-136,-48
5,5,-124,0
5,6,-156,-6
5,7,-124,-16
5,8,-112,-42
5,9,-52,-56
5,10,-104,-46
5,11,-68,-60
5,12,-124,-4
5,13,-108,6
5,14,-108,0
5,15,-100,-4
5,16,-132,-14
5,17,-104,-36
5,18,-128,-44
5,19,-96,8
5,20,-68,28
5,21,-92,-4
5,22,-96,26
5,23,-120,42
5,24,-84,-26
5,25,-84,-52
5,26,-68,-32
5,27,-116,-6
5,28,-144,0
5,29,-140,-16
5,30,-128,10
5,31,-156,-10
5,32,-88,-4
5,33,-44,18
5,34,-152,62
5,35,-156,8
5,36,-160,-10
5,37,-116,-4
5,38,-136,54
5,39,-96,66
5,40,-72,30
5,41,-144,44
5,42,-76,42
5,43,-116,-12
5,44,-128,22
5,45,-168,18
5,46,-152,48
5,47,-184,70
5,48,-140,70
5,49,-68,68
5,50,-108,24
5,51,-84,-8
5,52,-140,24
5,53,-128,16
5,54,-88,-34
5,55,-96,-76
5,56,-60,-46
5,57,-148,-70
5,58,-88,-58
5,59,-108,-68
5,60,-104,-10
5,61,-88,16
5,62,-84,-18
5,63,-96,-30
5,64,-108,36
5,65,-84,44
5,66,-132,56
5,67,-144,30
5,68,-84,14
5,69,-84,12
5,70,-80,20
5,71,-96,10
5,72,-164,-26
5,73,-164,4
5,74,-112,-12
5,75,-164,14
5,76,-156,6
5,77,-168,74
5,78,-132,56
5,79,-104,8
5,80,-100,46
5,81,-96,-8
5,82,-68,-20
5,83,-120,4
5,84,-116,46
5,85,-144,72
5,86,-96,44
5,87,-156,34
5,88,-200,62
5,89,-152,50
5,90,-84,38
5,91,-100,34
5,92,-140,12
5,93,-124,22
5,94,-92,16
5,95,-124,24
5,96,-132,22
5,97,-124,38
5,98,-152,52
5,99,-132,40
0.1,0,8,2
0.1,1,-268,0
0.1,2,-408,-2
0.1,3,-460,-10
0.1,4,-516,-14
0.1,5,-552,-24
0.1,6,-568,-16
0.1,7,-596,-22
0.1,8,-616,-8
0.1,9,-616,-14
0.1,10,-624,-18
0.1,11,-636,-26
0.1,12,-648,-12
0.1,13,-648,-12
0.1,14,-652,-4
0.1,15,-652,-8
0.1,16,-656,0
0.1,17,-660,4
0.1,18,-660,12
0.1,19,-660,18
0.1,20,-664,28
0.1,21,-668,20
0.1,22,-668,6
0.1,23,-668,6
0.1,24,-676,14
0.1,25,-676,12
0.1,26,-676,10
0.1,27,-676,-4
0.1,28,-676,0
0.1,29,-680,2
0.1,30,-680,2
0.1,31,-680,-2
0.1,32,-680,-12
0.1,33,-680,-8
0.1,34,-684,-14
0.1,35,-684,-6
0.1,36,-688,-10
0.1,37,-692,0
0.1,38,-692,-8
0.1,39,-692,-4
0.1,40,-692,-18
0.1,41,-696,-24
0.1,42,-696,-22
0.1,43,-700,-22
0.1,44,-700,-24
0.1,45,-700,-34
0.1,46,-700,-38
0.1,47,-700,-36
0.1,48,-700,-28
0.1,49,-700,-28
0.1,50,-700,-26
0.1,51,-700,-28
0.1,52,-700,-26
0.1,53,-700,-26
0.1,54,-700,-22
0.1,55,-700,-20
0.1,56,-700,-18
0.1,57,-700,-20
0.1,58,-700,-24
0.1,59,-700,-28
0.1,60,-700,-24
0.1,61,-700,-30
0.1,62,-700,-28
0.1,63,-700,-26
0.1,64,-700,-26
0.1,65,-700,-26
0.1,66,-700,-30
0.1,67,-700,-34
0.1,68,-700,-32
0.1,69,-700,-38
0.1,70,-700,-36
0.1,71,-700,-36
0.1,72,-700,-38
0.1,73,-700,-38
0.1,74,-700,-38
0.1,75,-700,-38
0.1,76,-700,-38
0.1,77,-704,-40
0.1,78,-704,-40
0.1,79,-704,-40
0.1,80,-704,-40
0.1,81,-704,-40
0.1,82,-704,-40
0.1,83,-704,-40
0.1,84,-704,-40
0.1,85,-704,-40
0.1,86,-704,-40
0.1,87,-704,-40
0.1,88,-704,-40
0.1,89,-704,-40
0.1,90,-704,-40
0.1,91,-704,-40
0.1,92,-704,-40
0.1,93,-704,-40
0.1,94,-704,-40
0.1,95,-704,-40
0.1,96,-704,-40
0.1,97,-704,-40
0.1,98,-704,-40
0.1,99,-704,-40
1,0,12,12
1,1,-240,4
1,2,-360,2
1,3,-440,-18
1,4,-492,-46
1,5,-544,-100
1,6,-584,-120
1,7,-588,-140
1,8,-588,-136
1,9,-600,-158
1,10,-596,-154
1,11,-604,-142
1,12,-636,-154
1,13,-652,-158
1,14,-664,-162
1,15,-664,-164
1,16,-668,-180
1,17,-668,-182
1,18,-664,-180
1,19,-668,-196
1,20,-672,-208
1,21,-668,-216
1,22,-668,-212
1,23,-672,-222
1,24,-676,-234
1,25,-676,-226
1,26,-676,-228
1,27,-664,-222
1,28,-660,-218
1,29,-668,-218
1,30,-676,-208
1,31,-680,-214
1,32,-676,-224
1,33,-684,-230
1,34,-684,-240
1,35,-684,-250
1,36,-692,-250
1,37,-684,-252
1,38,-692,-250
1,39,-700,-268
1,40,-704,-278
1,41,-704,-284
1,42,-708,-286
1,43,-708,-290
1,44,-704,-276
1,45,-704,-274
1,46,-708,-284
1,47,-708,-302
1,48,-716,-302
1,49,-716,-304
1,50,-712,-310
1,51,-720,-322
1,52,-712,-324
1,53,-712,-330
1,54,-724,-332
1,55,-732,-348
1,56,-728,-344
1,57,-728,-352
1,58,-732,-348
1,59,-728,-358
1,60,-720,-362
1,61,-736,-376
1,62,-752,-388
1,63,-756,-392
1,64,-764,-396
1,65,-768,-398
1,66,-776,-400
1,67,-768,-398
1,68,-776,-400
1,69,-776,-400
1,70,-776,-400
1,71,-776,-400
1,72,-776,-400
1,73,-776,-400
1,74,-776,-400
1,75,-776,-400
1,76,-776,-400
1,77,-776,-400
1,78,-776,-400
1,79,-776,-400
1,80,-776,-400
1,81,-776,-400
1,82,-768,-398
1,83,-768,-398
1,84,-776,-400
1,85,-776,-400
1,86,-776,-400
1,87,-776,-400
1,88,-776,-400
1,89,-776,-400
1,90,-776,-400
1,91,-776,-400
1,92,-776,-400
1,93,-776,-400
1,94,-776,-400
1,95,-776,-400
1,96,-776,-400
1,97,-776,-400
1,98,-776,-400
1,99,-776,-400
2.5,0,-24,4
2.5,1,-284,70
2.5,2,-420,96
2.5,3,-420,78
2.5,4,-428,106
2.5,5,-396,56
2.5,6,-452,62
2.5,7,-452,70
2.5,8,-492,72
2.5,9,-440,58
2.5,10,-424,116
2.5,11,-436,124
2.5,12,-444,138
2.5,13,-428,156
2.5,14,-432,134
2.5,15,-448,94
2.5,16,-476,80
2.5,17,-428,70
2.5,18,-436,42
2.5,19,-416,22
2.5,20,-456,32
2.5,21,-408,26
2.5,22,-400,52
2.5,23,-436,40
2.5,24,-436,46
2.5,25,-436,18
2.5,26,-452,40
2.5,27,-444,64
2.5,28,-464,68
2.5,29,-460,60
2.5,30,-452,100
2.5,31,-460,72
2.5,32,-432,66
2.5,33,-472,76
2.5,34,-440,82
2.5,35,-440,132
2.5,36,-484,136
2.5,37,-460,142
2.5,38,-468,166
2.5,39,-508,168
2.5,40,-492,176
2.5,41,-484,186
2.5,42,-524,186
2.5,43,-512,184
2.5,44,-532,192
2.5,45,-496,192
2.5,46,-520,200
2.5,47,-496,184
2.5,48,-488,170
2.5,49,-456,152
2.5,50,-468,152
2.5,51,-452,162
2.5,52,-448,150
2.5,53,-424,116
2.5,54,-448,118
2.5,55,-428,102
2.5,56,-440,120
2.5,57,-404,120
2.5,58,-444,92
2.5,59,-432,118
2.5,60,-460,106
2.5,61,-448,80
2.5,62,-380,52
2.5,63,-396,64
2.5,64,-408,98
2.5,65,-408,150
2.5,66,-388,106
2.5,67,-396,106
2.5,68,-420,132
2.5,69,-424,118
2.5,70,-524,156
2.5,71,-500,156
2.5,72,-488,136
2.5,73,-540,148
2.5,74,-520,142
2.5,75,-520,148
2.5,76,-508,164
2.5,77,-484,160
2.5,78,-508,168
2.5,79,-500,192
2.5,80,-488,168
2.5,81,-468,164
2.5,82,-436,172
2.5,83,-492,208
2.5,84,-488,190
2.5,85,-476,188
2.5,86,-500,190
2.5,87,-452,154
2.5,88,-372,108
2.5,89,-432,134
2.5,90,-444,136
2.5,91,-440,126
2.5,92,-432,106
2.5,93,-468,92
2.5,94,-464,72
2.5,95,-444,42
2.5,96,-432,24
2.5,97,-424,44
2.5,98,-432,34
2.5,99,-420,36
5,0,20,-4
5,1,-80,22
5,2,-132,-2
5,3,-116,-26
5,4,-108,28
5,5,-92,20
5,6,-64,22
5,7,-92,-8
5,8,-100,-6
5,9,-84,-22
5,10,-148,-72
5,11,-124,-64
5,12,-108,-48
5,13,-112,22
5,14,-108,-12
5,15,-148,22
5,16,-148,12
5,17,-124,-16
5,18,-84,-18
5,19,-128,26
5,20,-124,32
5,21,-136,22
5,22,-180,66
5,23,-156,38
5,24,-128,70
5,25,-160,24
5,26,-132,-4
5,27,-112,4
5,28,-112,-2
5,29,-128,22
5,30,-132,10
5,31,-56,22
5,32,-112,10
5,33,-84,0
5,34,-152,22
5,35,-96,28
5,36,-72,30
5,37,-156,34
5,38,-172,60
5,39,-56,-24
5,40,-80,10
5,41,-100,18
5,42,-116,-8
5,43,-60,-12
5,44,-52,-14
5,45,-124,-2
5,46,-116,-8
5,47,-168,-40
5,48,-124,-36
5,49,-84,-26
5,50,-96,-4
5,51,-112,-10
5,52,-132,-12
5,53,-140,-2
5,54,-100,2
5,55,-52,-20
5,56,-112,2
5,57,-76,6
5,58,-144,10
5,59,-96,16
5,60,-168,30
5,61,-88,16
5,62,-120,-48
5,63,-124,-2
5,64,-100,0
5,65,-112,26
5,66,-120,0
5,67,-136,50
5,68,-112,26
5,69,-100,28
5,70,-80,36
5,71,-108,-22
5,72,-112,-42
5,73,-136,-26
5,74,-124,-24
5,75,-148,-2
5,76,-116,-10
5,77,-124,0
5,78,-144,-2
5,79,-156,10
5,80,-148,-32
5,81,-160,-74
5,82,-132,-78
5,83,-136,-6
5,84,-100,16
5,85,-136,56
5,86,-104,20
5,87,-124,2
5,88,-120,-40
5,89,-124,-64
5,90,-100,-60
5,91,-140,-34
5,92,-112,0
5,93,-84,-6
5,94,-172,8
5,95,-188,-6
5,96,-204,-6
5,97,-152,-8
5,98,-120,-50
5,99,-148,-70
0.1,0,-4,20
0.1,1,-324,56
0.1,2,-408,32
0.1,3,-492,44
0.1,4,-564,52
0.1,5,-604,44
0.1,6,-620,58
0.1,7,-620,40
0.1,8,-624,50
0.1,9,-624,32
0.1,10,-624,34
0.1,11,-628,30
0.1,12,-632,40
0.1,13,-636,36
0.1,14,-640,22
0.1,15,-640,20
0.1,16,-640,8
0.1,17,-644,-4
0.1,18,-644,6
0.1,19,-644,18
0.1,20,-644,-10
0.1,21,-644,-10
0.1,22,-648,-6
0.1,23,-648,-8
0.1,24,-648,-12
0.1,25,-656,-26
0.1,26,-656,-38
0.1,27,-660,-52
0.1,28,-660,-60
0.1,29,-660,-72
0.1,30,-664,-80
0.1,31,-668,-92
0.1,32,-672,-108
0.1,33,-676,-124
0.1,34,-676,-120
0.1,35,-676,-138
0.1,36,-676,-154
0.1,37,-680,-170
0.1,38,-684,-158
0.1,39,-684,-150
0.1,40,-684,-164
0.1,41,-688,-174
0.1,42,-692,-186
0.1,43,-692,-192
0.1,44,-696,-192
0.1,45,-696,-198
0.1,46,-696,-190
0.1,47,-696,-202
0.1,48,-696,-198
0.1,49,-696,-210
0.1,50,-700,-218
0.1,51,-708,-236
0.1,52,-708,-244
0.1,53,-708,-258
0.1,54,-712,-270
0.1,55,-720,-278
0.1,56,-724,-284
0.1,57,-728,-280
0.1,58,-732,-302
0.1,59,-732,-314
0.1,60,-732,-324
0.1,61,-736,-336
0.1,62,-736,-326
0.1,63,-736,-318
0.1,64,-736,-318
0.1,65,-740,-318
0.1,66,-744,-324
0.1,67,-744,-330
0.1,68,-744,-338
0.1,69,-744,-340
0.1,70,-752,-350
0.1,71,-756,-354
0.1,72,-760,-362
0.1,73,-768,-382
0.1,74,-772,-384
0.1,75,-780,-390
0.1,76,-784,-394
0.1,77,-792,-398
0.1,78,-792,-398
0.1,79,-800,-400
0.1,80,-800,-400
0.1,81,-800,-400
0.1,82,-800,-400
0.1,83,-800,-400
0.1,84,-800,-400
0.1,85,-800,-400
0.1,86,-800,-400
0.1,87,-800,-400
0.1,88,-800,-400
0.1,89,-800,-400
0.1,90,-800,-400
0.1,91,-800,-400
0.1,92,-800,-400
0.1,93,-800,-400
0.1,94,-800,-400
0.1,95,-800,-400
0.1,96,-800,-400
0.1,97,-800,-400
0.1,98,-800,-400
0.1,99,-800,-400
1,0,-36,4
1,1,-308,16
1,2,-448,50
1,3,-528,32
1,4,-592,-10
1,5,-640,-14
1,6,-660,-48
1,7,-672,-74
1,8,-692,-54
1,9,-712,-70
1,10,-736,-88
1,11,-744,-100
1,12,-748,-98
1,13,-744,-96
1,14,-752,-92
1,15,-748,-80
1,16,-752,-92
1,17,-748,-90
1,18,-748,-118
1,19,-748,-114
1,20,-760,-120
1,21,-748,-136
1,22,-760,-136
1,23,-760,-144
1,24,-752,-138
1,25,-760,-140
1,26,-764,-152
1,27,-760,-136
1,28,-756,-122
1,29,-764,-114
1,30,-748,-122
1,31,-744,-146
1,32,-752,-132
1,33,-756,-130
1,34,-752,-126
1,35,-756,-134
1,36,-760,-120
1,37,-760,-126
1,38,-752,-136
1,39,-752,-134
1,40,-760,-132
1,41,-752,-134
1,42,-760,-138
1,43,-760,-144
1,44,-760,-170
1,45,-764,-172
1,46,-764,-168
1,47,-764,-166
1,48,-764,-160
1,49,-764,-164
1,50,-756,-160
1,51,-764,-150
1,52,-764,-154
1,53,-760,-158
1,54,-756,-154
1,55,-756,-154
1,56,-756,-160
1,57,-756,-154
1,58,-756,-150
1,59,-756,-152
1,60,-760,-162
1,61,-760,-158
1,62,-764,-162
1,63,-764,-162
1,64,-768,-178
1,65,-772,-168
1,66,-772,-168
1,67,-768,-176
1,68,-772,-174
1,69,-768,-170
1,70,-772,-170
1,71,-768,-176
1,72,-772,-172
1,73,-772,-178
1,74,-776,-184
1,75,-772,-176
1,76,-772,-182
1,77,-768,-180
1,78,-768,-186
1,79,-768,-176
1,80,-764,-168
1,81,-764,-180
1,82,-764,-176
1,83,-764,-184
1,84,-748,-174
1,85,-752,-162
1,86,-748,-150
1,87,-752,-154
1,88,-772,-144
1,89,-772,-142
1,90,-772,-132
1,91,-768,-148
1,92,-756,-140
1,93,-768,-136
1,94,-776,-142
1,95,-768,-148
1,96,-768,-144
1,97,-772,-142
1,98,-772,-130
1,99,-768,-142
2.5,0,-36,-16
2.5,1,-304,-26
2.5,2,-368,2
2.5,3,-416,2
2.5,4,-420,-26
2.5,5,-428,-22
2.5,6,-440,-40
2.5,7,-408,-40
2.5,8,-416,-26
2.5,9,-440,0
2.5,10,-472,-30
2.5,11,-480,-8
2.5,12,-444,32
2.5,13,-488,62
2.5,14,-456,90
2.5,15,-428,68
2.5,16,-424,80
2.5,17,-464,96
2.5,18,-484,106
2.5,19,-484,92
2.5,20,-504,92
2.5,21,-516,110
2.5,22,-492,108
2.5,23,-548,88
2.5,24,-548,88
2.5,25,-588,66
2.5,26,-600,58
2.5,27,-608,56
2.5,28,-568,68
2.5,29,-512,50
2.5,30,-516,74
2.5,31,-508,102
2.5,32,-452,98
2.5,33,-452,94
2.5,34,-444,118
2.5,35,-464,156
2.5,36,-484,160
2.5,37,-460,118
2.5,38,-512,112
2.5,39,-452,140
2.5,40,-456,138
2.5,41,-488,168
2.5,42,-488,196
2.5,43,-512,196
2.5,44,-464,194
2.5,45,-484,226
2.5,46,-500,228
2.5,47,-504,228
2.5,48,-516,224
2.5,49,-504,212
2.5,50,-544,248
2.5,51,-560,254
2.5,52,-600,266
2.5,53,-588,270
2.5,54,-544,266
2.5,55,-552,264
2.5,56,-552,252
2.5,57,-544,232
2.5,58,-520,224
2.5,59,-540,236
2.5,60,-576,244
2.5,61,-604,252
2.5,62,-612,264
2.5,63,-564,232
2.5,64,-528,214
2.5,65,-560,228
2.5,66,-524,224
2.5,67,-516,194
2.5,68,-532,228
2.5,69,-548,222
2.5,70,-536,216
2.5,71,-548,178
2.5,72,-536,186
2.5,73,-580,186
2.5,74,-620,186
2.5,75,-604,194
2.5,76,-572,182
2.5,77,-504,172
2.5,78,-528,180
2.5,79,-504,120
2.5,80,-524,100
2.5,81,-516,116
2.5,82,-556,140
2.5,83,-536,158
2.5,84,-508,160
2.5,85,-440,186
2.5,86,-520,208
2.5,87,-540,236
2.5,88,-532,244
2.5,89,-572,250
2.5,90,-608,256
2.5,91,-616,240
2.5,92,-628,266
2.5,93,-552,238
2.5,94,-568,236
2.5,95,-576,254
2.5,96,-612,276
2.5,97,-576,266
2.5,98,-564,262
2.5,99,-580,274
5,0,-32,6
5,1,-180,-48
5,2,-224,-64
5,3,-260,-22
5,4,-192,-12
5,5,-252,-52
5,6,-264,-44
5,7,-176,-36
5,8,-188,-14
5,9,-232,-6
5,10,-268,24
5,11,-232,-14
5,12,-216,-20
5,13,-220,-16
5,14,-204,-12
5,15,-212,2
5,16,-232,6
5,17,-232,18
5,18,-252,14
5,19,-260,36
5,20,-224,22
5,21,-188,8
5,22,-280,52
5,23,-300,24
5,24,-288,-20
5,25,-256,18
5,26,-208,16
5,27,-208,4
5,28,-184,16
5,29,-244,8
5,30,-192,-18
5,31,-260,-20
5,32,-260,0
5,33,-240,32
5,34,-200,38
5,35,-228,34
5,36,-232,32
5,37,-180,22
5,38,-276,62
5,39,-256,80
5,40,-252,36
5,41,-212,24
5,42,-196,-4
5,43,-212,-60
5,44,-192,-12
5,45,-204,-36
5,46,-188,-48
5,47,-204,10
5,48,-212,30
5,49,-260,44
5,50,-260,6
5,51,-272,-22
5,52,-200,-20
5,53,-224,-54
5,54,-284,-60
5,55,-220,-68
5,56,-256,-30
5,57,-204,-4
5,58,-204,-26
5,59,-228,-2
5,60,-236,-28
5,61,-240,-36
5,62,-200,-38
5,63,-188,-26
5,64,-268,10
5,65,-268,0
5,66,-192,-22
5,67,-200,4
5,68,-224,2
5,69,-220,2
5,70,-216,20
5,71,-248,42
5,72,-212,52
5,73,-228,14
5,74,-204,32
5,75,-192,14
5,76,-200,-8
5,77,-192,-38
5,78,-212,-32
5,79,-200,-26
5,80,-228,24
5,81,-240,44
5,82,-232,6
5,83,-208,-34
5,84,-256,-80
5,85,-300,-56
5,86,-280,-28
5,87,-208,-20
5,88,-272,4
5,89,-252,0
5,90,-252,30
5,91,-284,40
5,92,-248,0
5,93,-168,-40
5,94,-228,-38
5,95,-164,-20
5,96,-248,-10
5,97,-264,-50
5,98,-260,-6
5,99,-240,6
0.1,0,-16,2
0.1,1,-276,32
0.1,2,-412,76
0.1,3,-484,78
0.1,4,-540,76
0.1,5,-612,76
0.1,6,-640,76
0.1,7,-648,66
0.1,8,-652,56
0.1,9,-660,58
0.1,10,-664,52
0.1,11,-664,66
0.1,12,-668,64
0.1,13,-668,54
0.1,14,-668,70
0.1,15,-668,86
0.1,16,-672,64
0.1,17,-676,50
0.1,18,-676,58
0.1,19,-676,46
0.1,20,-680,44
0.1,21,-688,34
0.1,22,-688,40
0.1,23,-688,44
0.1,24,-692,54
0.1,25,-692,50
0.1,26,-692,56
0.1,27,-696,48
0.1,28,-696,34
0.1,29,-696,40
0.1,30,-696,42
0.1,31,-700,20
0.1,32,-704,22
0.1,33,-704,12
0.1,34,-704,2
0.1,35,-704,-12
0.1,36,-704,-18
0.1,37,-708,-34
0.1,38,-708,-48
0.1,39,-708,-36
0.1,40,-712,-28
0.1,41,-712,-42
0.1,42,-712,-48
0.1,43,-716,-42
0.1,44,-720,-42
0.1,45,-720,-36
0.1,46,-720,-38
0.1,47,-720,-34
0.1,48,-720,-14
0.1,49,-720,-24
0.1,50,-720,-16
0.1,51,-724,-16
0.1,52,-728,-14
0.1,53,-728,-18
0.1,54,-728,-12
0.1,55,-728,-6
0.1,56,-728,-8
0.1,57,-728,-10
0.1,58,-728,-20
0.1,59,-728,-36
0.1,60,-728,-34
0.1,61,-728,-42
0.1,62,-732,-48
0.1,63,-732,-44
0.1,64,-732,-40
0.1,65,-732,-38
0.1,66,-732,-26
0.1,67,-732,-24
0.1,68,-732,-22
0.1,69,-732,-16
0.1,70,-732,-24
0.1,71,-732,-34
0.1,72,-732,-32
0.1,73,-732,-40
0.1,74,-736,-48
0.1,75,-736,-52
0.1,76,-736,-56
0.1,77,-736,-58
0.1,78,-736,-62
0.1,79,-736,-58
0.1,80,-736,-62
0.1,81,-736,-58
0.1,82,-736,-62
0.1,83,-736,-68
0.1,84,-736,-62
0.1,85,-736,-68
0.1,86,-740,-70
0.1,87,-740,-72
0.1,88,-740,-74
0.1,89,-740,-74
0.1,90,-740,-74
0.1,91,-740,-76
0.1,92,-740,-78
0.1,93,-740,-78
0.1,94,-744,-80
0.1,95,-744,-80
0.1,96,-744,-80
0.1,97,-744,-80
0.1,98,-744,-80
0.1,99,-744,-80
1,0,-4,-18
1,1,-268,-32
1,2,-400,-36
1,3,-492,-50
1,4,-548,-58
1,5,-560,-60
1,6,-560,-80
1,7,-552,-88
1,8,-572,-76
1,9,-560,-70
1,10,-576,-46
1,11,-580,-58
1,12,-576,-50
1,13,-584,-30
1,14,-600,-50
1,15,-592,-44
1,16,-600,-48
1,17,-608,-38
1,18,-632,-42
1,19,-636,-62
1,20,-628,-66
1,21,-624,-80
1,22,-644,-88
1,23,-652,-106
1,24,-652,-114
1,25,-652,-108
1,26,-652,-120
1,27,-644,-118
1,28,-648,-112
1,29,-640,-82
1,30,-652,-86
1,31,-652,-92
1,32,-656,-92
1,33,-652,-82
1,34,-656,-80
1,35,-660,-84
1,36,-656,-74
1,37,-664,-84
1,38,-672,-108
1,39,-672,-98
1,40,-680,-98
1,41,-676,-94
1,42,-676,-96
1,43,-676,-108
1,44,-676,-104
1,45,-680,-86
1,46,-676,-74
1,47,-676,-76
1,48,-676,-76
1,49,-676,-82
1,50,-680,-110
1,51,-688,-138
1,52,-688,-138
1,53,-680,-140
1,54,-680,-152
1,55,-676,-148
1,56,-688,-152
1,57,-688,-164
1,58,-688,-164
1,59,-684,-156
1,60,-700,-162
1,61,-692,-156
1,62,-684,-144
1,63,-688,-134
1,64,-692,-142
1,65,-684,-158
1,66,-688,-164
1,67,-692,-150
1,68,-692,-164
1,69,-696,-150
1,70,-696,-146
1,71,-696,-144
1,72,-688,-132
1,73,-700,-144
1,74,-704,-148
1,75,-696,-136
1,76,-700,-128
1,77,-704,-138
1,78,-704,-138
1,79,-704,-138
1,80,-704,-138
1,81,-700,-156
1,82,-700,-148
1,83,-692,-148
1,84,-692,-132
1,85,-684,-124
1,86,-696,-114
1,87,-704,-118
1,88,-708,-104
1,89,-712,-90
1,90,-712,-104
1,91,-704,-98
1,92,-712,-90
1,93,-708,-98
1,94,-712,-106
1,95,-712,-92
1,96,-712,-94
1,97,-708,-96
1,98,-696,-98
1,99,-704,-108
2.5,0,28,4
2.5,1,-148,2
2.5,2,-188,-22
2.5,3,-220,-10
2.5,4,-276,8
2.5,5,-288,34
2.5,6,-316,36
2.5,7,-332,68
2.5,8,-284,58
2.5,9,-256,-2
2.5,10,-312,12
2.5,11,-316,-12
2.5,12,-308,-12
2.5,13,-344,-6
2.5,14,-360,-6
2.5,15,-344,-24
2.5,16,-352,-32
2.5,17,-368,-44
2.5,18,-368,-72
2.5,19,-304,-40
2.5,20,-336,-54
2.5,21,-340,-64
2.5,22,-336,-82
2.5,23,-336,-110
2.5,24,-360,-84
2.5,25,-404,-78
2.5,26,-384,-90
2.5,27,-356,-70
2.5,28,-396,-90
2.5,29,-380,-124
2.5,30,-412,-136
2.5,31,-404,-160
2.5,32,-372,-150
2.5,33,-416,-142
2.5,34,-408,-144
2.5,35,-360,-150
2.5,36,-352,-186
2.5,37,-372,-174
2.5,38,-420,-180
2.5,39,-436,-210
2.5,40,-448,-212
2.5,41,-496,-232
2.5,42,-500,-250
2.5,43,-524,-278
2.5,44,-496,-296
2.5,45,-516,-322
2.5,46,-512,-316
2.5,47,-484,-308
2.5,48,-548,-330
2.5,49,-564,-326
2.5,50,-516,-318
2.5,51,-504,-318
2.5,52,-520,-324
2.5,53,-536,-332
2.5,54,-504,-312
2.5,55,-488,-318
2.5,56,-504,-314
2.5,57,-460,-296
2.5,58,-440,-260
2.5,59,-420,-262
2.5,60,-480,-272
2.5,61,-488,-262
2.5,62,-468,-274
2.5,63,-360,-226
2.5,64,-356,-206
2.5,65,-312,-182
2.5,66,-376,-208
2.5,67,-412,-246
2.5,68,-368,-222
2.5,69,-384,-212
2.5,70,-396,-196
2.5,71,-424,-212
2.5,72,-424,-232
2.5,73,-436,-252
2.5,74,-404,-220
2.5,75,-384,-224
2.5,76,-376,-236
2.5,77,-404,-258
2.5,78,-440,-268
2.5,79,-484,-290
2.5,80,-500,-294
2.5,81,-488,-304
2.5,82,-492,-306
2.5,83,-516,-320
2.5,84,-432,-288
2.5,85,-464,-282
2.5,86,-416,-258
2.5,87,-428,-272
2.5,88,-468,-296
2.5,89,-476,-304
2.5,90,-460,-294
2.5,91,-484,-308
2.5,92,-436,-280
2.5,93,-468,-290
2.5,94,-460,-290
2.5,95,-460,-274
2.5,96,-488,-268
2.5,97,-452,-254
2.5,98,-468,-266
2.5,99,-536,-316
5,0,4,18
5,1,-104,2
5,2,-168,0
5,3,-160,-18
5,4,-196,-14
5,5,-196,-8
5,6,-188,44
5,7,-148,22
5,8,-148,20
5,9,-132,-10
5,10,-120,2
5,11,-220,-20
5,12,-252,-18
5,13,-180,14
5,14,-196,46
5,15,-140,38
5,16,-172,62
5,17,-196,60
5,18,-112,4
5,19,-148,-24
5,20,-148,8
5,21,-168,-30
5,22,-180,-36
5,23,-196,0
5,24,-188,6
5,25,-160,-8
5,26,-204,12
5,27,-188,50
5,28,-136,40
5,29,-180,20
5,30,-176,2
5,31,-152,14
5,32,-152,-52
5,33,-144,-64
5,34,-192,-48
5,35,-172,-50
5,36,-156,-56
5,37,-132,-70
5,38,-148,-16
5,39,-148,0
5,40,-148,-6
5,41,-160,-20
5,42,-176,0
5,43,-188,12
5,44,-256,36
5,45,-200,28
5,46,-168,26
5,47,-148,0
5,48,-164,-54
5,49,-160,-34
5,50,-212,-56
5,51,-160,4
5,52,-120,20
5,53,-136,36
5,54,-160,44
5,55,-192,18
5,56,-164,-6
5,57,-164,-4
5,58,-180,-24
5,59,-176,-36
5,60,-164,-28
5,61,-120,-30
5,62,-160,4
5,63,-168,26
5,64,-168,22
5,65,-152,34
5,66,-168,44
5,67,-188,28
5,68,-220,-28
5,69,-192,-4
5,70,-168,4
5,71,-140,4
5,72,-180,-22
5,73,-136,-16
5,74,-204,-18
5,75,-156,-6
5,76,-144,16
5,77,-144,42
5,78,-188,52
5,79,-180,56
5,80,-160,12
5,81,-204,-40
5,82,-176,-28
5,83,-164,-6
5,84,-184,40
5,85,-204,14
5,86,-148,16
5,87,-160,-6
5,88,-140,-32
5,89,-164,8
5,90,-224,-32
5,91,-172,10
5,92,-160,72
5,93,-160,38
5,94,-184,14
5,95,-128,44
5,96,-192,66
5,97,-160,32
5,98,-132,4
5,99,-160,-14
0.1,0,-8,-26
0.1,1,-316,-24
0.1,2,-452,-50
0.1,3,-512,-62
0.1,4,-560,-84
0.1,5,-572,-102
0.1,6,-620,-116
0.1,7,-652,-118
0.1,8,-664,-118
0.1,9,-668,-108
0.1,10,-668,-116
0.1,11,-676,-114
0.1,12,-676,-120
0.1,13,-676,-132
0.1,14,-684,-124
0.1,15,-684,-146
0.1,16,-684,-150
0.1,17,-692,-166
0.1,18,-696,-184
0.1,19,-696,-202
0.1,20,-704,-216
0.1,21,-712,-236
0.1,22,-716,-242
0.1,23,-716,-246
0.1,24,-720,-264
0.1,25,-720,-262
0.1,26,-724,-252
0.1,27,-724,-252
0.1,28,-724,-248
0.1,29,-724,-252
0.1,30,-732,-280
0.1,31,-732,-268
0.1,32,-732,-280
0.1,33,-740,-278
0.1,34,-740,-272
0.1,35,-740,-284
0.1,36,-744,-288
0.1,37,-744,-300
0.1,38,-752,-314
0.1,39,-752,-306
0.1,40,-756,-316
0.1,41,-756,-324
0.1,42,-760,-324
0.1,43,-760,-330
0.1,44,-760,-328
0.1,45,-764,-338
0.1,46,-764,-342
0.1,47,-768,-346
0.1,48,-772,-356
0.1,49,-772,-360
0.1,50,-772,-360
0.1,51,-772,-366
0.1,52,-780,-378
0.1,53,-792,-394
0.1,54,-800,-396
0.1,55,-816,-400
0.1,56,-816,-400
0.1,57,-816,-400
0.1,58,-816,-400
0.1,59,-816,-400
0.1,60,-816,-400
0.1,61,-816,-400
0.1,62,-816,-400
0.1,63,-816,-400
0.1,64,-816,-400
0.1,65,-816,-400
0.1,66,-816,-400
0.1,67,-816,-400
0.1,68,-816,-400
0.1,69,-816,-400
0.1,70,-816,-400
0.1,71,-816,-400
0.1,72,-816,-400
0.1,73,-816,-400
0.1,74,-816,-400
0.1,75,-816,-400
0.1,76,-816,-400
0.1,77,-816,-400
0.1,78,-816,-400
0.1,79,-816,-400
0.1,80,-816,-400
0.1,81,-816,-400
0.1,82,-816,-400
0.1,83,-816,-400
0.1,84,-816,-400
0.1,85,-816,-400
0.1,86,-816,-400
0.1,87,-816,-400
0.1,88,-816,-400
0.1,89,-816,-400
0.1,90,-816,-400
0.1,91,-816,-400
0.1,92,-816,-400
0.1,93,-816,-400
0.1,94,-816,-400
0.1,95,-816,-400
0.1,96,-816,-400
0.1,97,-816,-400
0.1,98,-816,-400
0.1,99,-816,-400
1,0,4,-12
1,1,-240,-34
1,2,-348,-32
1,3,-404,-54
1,4,-472,-98
1,5,-496,-100
1,6,-496,-126
1,7,-524,-146
1,8,-572,-160
1,9,-608,-180
1,10,-648,-218
1,11,-664,-224
1,12,-684,-240
1,13,-688,-254
1,14,-692,-256
1,15,-692,-252
1,16,-692,-258
1,17,-692,-260
1,18,-692,-258
1,19,-700,-282
1,20,-704,-286
1,21,-700,-288
1,22,-700,-288
1,23,-708,-300
1,24,-708,-300
1,25,-716,-308
1,26,-728,-324
1,27,-728,-328
1,28,-736,-338
1,29,-736,-340
1,30,-736,-338
1,31,-740,-344
1,32,-740,-354
1,33,-744,-360
1,34,-744,-362
1,35,-744,-362
1,36,-740,-362
1,37,-752,-370
1,38,-760,-372
1,39,-756,-378
1,40,-760,-374
1,41,-760,-372
1,42,-756,-372
1,43,-760,-376
1,44,-764,-378
1,45,-768,-382
1,46,-768,-384
1,47,-768,-384
1,48,-768,-388
1,49,-772,-392
1,50,-780,-396
1,51,-780,-396
1,52,-792,-400
1,53,-792,-400
1,54,-792,-400
1,55,-792,-400
1,56,-784,-398
1,57,-784,-398
1,58,-792,-400
1,59,-792,-400
1,60,-792,-400
1,61,-792,-400
1,62,-792,-400
1,63,-792,-400
1,64,-792,-400
1,65,-792,-400
1,66,-792,-400
1,67,-792,-400
1,68,-784,-398
1,69,-784,-398
1,70,-792,-400
1,71,-792,-400
1,72,-792,-400
1,73,-792,-400
1,74,-792,-400
1,75,-792,-400
1,76,-792,-400
1,77,-792,-400
1,78,-792,-400
1,79,-792,-400
1,80,-792,-400
1,81,-792,-400
1,82,-792,-400
1,83,-792,-400
1,84,-792,-400
1,85,-792,-400
1,86,-792,-400
1,87,-792,-400
1,88,-792,-400
1,89,-792,-400
1,90,-792,-400
1,91,-792,-400
1,92,-792,-400
1,93,-792,-400
1,94,-792,-400
1,95,-792,-400
1,96,-792,-400
1,97,-792,-400
1,98,-792,-400
1,99,-792,-400
2.5,0,-12,22
2.5,1,-216,-8
2.5,2,-320,34
2.5,3,-340,58
2.5,4,-396,26
2.5,5,-400,18
2.5,6,-368,22
2.5,7,-400,10
2.5,8,-392,0
2.5,9,-432,-4
2.5,10,-460,6
2.5,11,-424,6
2.5,12,-452,6
2.5,13,-436,40
2.5,14,-424,94
2.5,15,-424,108
2.5,16,-424,94
2.5,17,-440,104
2.5,18,-432,112
2.5,19,-404,82
2.5,20,-392,80
2.5,21,-456,122
2.5,22,-476,126
2.5,23,-484,116
2.5,24,-500,124
2.5,25,-516,124
2.5,26,-436,112
2.5,27,-444,112
2.5,28,-448,104
2.5,29,-520,132
2.5,30,-520,144
2.5,31,-492,142
2.5,32,-496,140
2.5,33,-436,90
2.5,34,-432,106
2.5,35,-472,86
2.5,36,-428,76
2.5,37,-432,66
2.5,38,-412,44
2.5,39,-408,26
2.5,40,-408,-18
2.5,41,-388,-32
2.5,42,-444,-60
2.5,43,-440,-44
2.5,44,-396,-34
2.5,45,-396,-54
2.5,46,-380,-48
2.5,47,-388,-54
2.5,48,-400,-30
2.5,49,-444,-72
2.5,50,-472,-88
2.5,51,-440,-56
2.5,52,-532,-26
2.5,53,-516,-58
2.5,54,-412,-54
2.5,55,-416,-54
2.5,56,-484,-28
2.5,57,-392,-40
2.5,58,-432,-44
2.5,59,-416,-50
2.5,60,-488,-56
2.5,61,-476,-26
2.5,62,-488,2
2.5,63,-456,-16
2.5,64,-456,-32
2.5,65,-436,-32
2.5,66,-432,-10
2.5,67,-424,10
2.5,68,-468,28
2.5,69,-460,4
2.5,70,-496,30
2.5,71,-480,8
2.5,72,-492,18
2.5,73,-456,14
2.5,74,-416,44
2.5,75,-408,88
2.5,76,-420,90
2.5,77,-448,80
2.5,78,-460,104
2.5,79,-436,106
2.5,80,-452,86
2.5,81,-464,76
2.5,82,-492,50
2.5,83,-452,72
2.5,84,-436,70
2.5,85,-420,34
2.5,86,-404,4
2.5,87,-376,2
2.5,88,-436,-40
2.5,89,-492,-34
2.5,90,-440,-6
2.5,91,-480,-18
2.5,92,-504,-26
2.5,93,-496,-16
2.5,94,-520,-60
2.5,95,-492,-42
2.5,96,-464,-44
2.5,97,-420,-56
2.5,98,-416,-48
2.5,99,-456,-32
5,0,52,-4
5,1,20,52
5,2,0,40
5,3,-56,32
5,4,-36,10
5,5,-36,36
5,6,-12,34
5,7,-52,-10
5,8,-72,24
5,9,-32,24
5,10,-48,16
5,11,-56,16
5,12,-112,20
5,13,-32,-6
5,14,-56,6
5,15,-152,-16
5,16,-44,-22
5,17,-52,-44
5,18,-100,-58
5,19,-80,-26
5,20,-72,-6
5,21,-128,-8
5,22,-52,0
5,23,-84,-20
5,24,-4,-14
5,25,-72,6
5,26,-80,24
5,27,-80,-4
5,28,-96,24
5,29,-96,8
5,30,-48,-16
5,31,-52,-22
5,32,-68,-42
5,33,-92,-44
5,34,-84,-34
5,35,-80,-22
5,36,-48,-56
5,37,-52,-12
5,38,-68,12
5,39,-60,42
5,40,-32,18
5,41,-48,30
5,42,-84,4
5,43,-28,-26
5,44,-112,-48
5,45,-28,-10
5,46,-68,-4
5,47,-28,22
5,48,-36,12
5,49,-40,-6
5,50,-4,-16
5,51,-88,22
5,52,-72,46
5,53,-72,8
5,54,-80,32
5,55,-48,34
5,56,-40,16
5,57,-72,2
5,58,-16,-38
5,59,-56,-10
5,60,-120,20
5,61,-92,4
5,62,-84,10
5,63,-68,44
5,64,-32,10
5,65,-72,20
5,66,-88,-4
5,67,-68,14
5,68,-28,4
5,69,8,-6
5,70,-12,16
5,71,-44,38
5,72,-20,24
5,73,-44,2
5,74,-112,36
5,75,-36,44
5,76,-80,44
5,77,-76,30
5,78,-88,-24
5,79,-56,-6
5,80,-28,0
5,81,-60,12
5,82,-4,12
5,83,-32,32
5,84,-24,86
5,85,-52,22
5,86,-32,20
5,87,-76,8
5,88,-112,-32
5,89,-80,-30
5,90,-84,-38
5,91,-88,14
5,92,-20,6
5,93,-92,24
5,94,-68,10
5,95,-52,-2
5,96,-104,30
5,97,-100,34
5,98,-52,12
5,99,-44,38
0.1,0,-20,4
0.1,1,-308,-4
0.1,2,-420,-40
0.1,3,-492,-74
0.1,4,-540,-78
0.1,5,-588,-94
0.1,6,-616,-86
0.1,7,-640,-66
0.1,8,-648,-74
0.1,9,-664,-70
0.1,10,-676,-54
0.1,11,-684,-66
0.1,12,-708,-70
0.1,13,-708,-68
0.1,14,-708,-58
0.1,15,-708,-54
0.1,16,-708,-52
0.1,17,-716,-66
0.1,18,-720,-58
0.1,19,-720,-54
0.1,20,-720,-52
0.1,21,-720,-66
0.1,22,-728,-50
0.1,23,-728,-34
0.1,24,-728,-26
0.1,25,-728,-44
0.1,26,-728,-44
0.1,27,-732,-42
0.1,28,-736,-38
0.1,29,-740,-48
0.1,30,-740,-48
0.1,31,-740,-48
0.1,32,-744,-58
0.1,33,-744,-56
0.1,34,-744,-54
0.1,35,-744,-58
0.1,36,-744,-64
0.1,37,-744,-68
0.1,38,-748,-66
0.1,39,-748,-78
0.1,40,-748,-84
0.1,41,-748,-80
0.1,42,-748,-78
0.1,43,-748,-82
0.1,44,-748,-90
0.1,45,-748,-92
0.1,46,-748,-94
0.1,47,-752,-102
0.1,48,-752,-100
0.1,49,-756,-102
0.1,50,-756,-108
0.1,51,-756,-110
0.1,52,-756,-110
0.1,53,-756,-114
0.1,54,-756,-112
0.1,55,-756,-106
0.1,56,-756,-102
0.1,57,-756,-94
0.1,58,-756,-94
0.1,59,-756,-90
0.1,60,-756,-88
0.1,61,-756,-90
0.1,62,-756,-98
0.1,63,-756,-102
0.1,64,-756,-100
0.1,65,-756,-100
0.1,66,-756,-94
0.1,67,-756,-96
0.1,68,-756,-94
0.1,69,-756,-100
0.1,70,-756,-96
0.1,71,-756,-96
0.1,72,-756,-94
0.1,73,-756,-92
0.1,74,-756,-92
0.1,75,-756,-92
0.1,76,-756,-90
0.1,77,-756,-92
0.1,78,-756,-92
0.1,79,-756,-92
0.1,80,-756,-96
0.1,81,-756,-92
0.1,82,-756,-92
0.1,83,-756,-96
0.1,84,-756,-106
0.1,85,-756,-110
0.1,86,-756,-108
0.1,87,-756,-108
0.1,88,-756,-102
0.1,89,-756,-98
0.1,90,-756,-104
0.1,91,-756,-102
0.1,92,-756,-110
0.1,93,-756,-118
0.1,94,-756,-118
0.1,95,-756,-114
0.1,96,-756,-114
0.1,97,-756,-116
0.1,98,-756,-116
0.1,99,-756,-114
1,0,12,-28
1,1,-272,2
1,2,-380,14
1,3,-420,42
1,4,-452,66
1,5,-492,80
1,6,-504,94
1,7,-512,100
1,8,-532,110
1,9,-548,142
1,10,-584,178
1,11,-612,190
1,12,-628,220
1,13,-644,222
1,14,-660,224
1,15,-668,226
1,16,-672,232
1,17,-680,242
1,18,-680,256
1,19,-680,258
1,20,-692,272
1,21,-696,280
1,22,-696,278
1,23,-700,280
1,24,-696,286
1,25,-696,286
1,26,-700,292
1,27,-704,294
1,28,-704,290
1,29,-704,298
1,30,-704,308
1,31,-708,308
1,32,-716,336
1,33,-724,346
1,34,-724,352
1,35,-716,362
1,36,-732,378
1,37,-760,396
1,38,-760,396
1,39,-768,398
1,40,-776,400
1,41,-776,400
1,42,-776,400
1,43,-776,400
1,44,-776,400
1,45,-776,400
1,46,-776,400
1,47,-776,400
1,48,-776,400
1,49,-776,400
1,50,-768,398
1,51,-776,400
1,52,-776,400
1,53,-776,400
1,54,-776,400
1,55,-776,400
1,56,-776,400
1,57,-776,400
1,58,-776,400
1,59,-776,400
1,60,-776,400
1,61,-776,400
1,62,-776,400
1,63,-776,400
1,64,-776,400
1,65,-776,400
1,66,-776,400
1,67,-776,400
1,68,-776,400
1,69,-776,400
1,70,-768,398
1,71,-768,398
1,72,-776,400
1,73,-776,400
1,74,-776,400
1,75,-768,398
1,76,-768,398
1,77,-776,400
1,78,-776,400
1,79,-776,400
1,80,-776,400
1,81,-776,400
1,82,-776,400
1,83,-776,400
1,84,-768,398
1,85,-768,398
1,86,-776,400
1,87,-776,400
1,88,-776,400
1,89,-776,400
1,90,-776,400
1,91,-776,400
1,92,-776,400
1,93,-776,400
1,94,-776,400
1,95,-776,400
1,96,-776,400
1,97,-768,398
1,98,-768,398
1,99,-776,400
2.5,0,-12,-38
2.5,1,-284,-54
2.5,2,-356,-26
2.5,3,-384,38
2.5,4,-456,76
2.5,5,-428,80
2.5,6,-468,76
2.5,7,-488,66
2.5,8,-500,40
2.5,9,-468,28
2.5,10,-524,60
2.5,11,-504,82
2.5,12,-456,108
2.5,13,-480,104
2.5,14,-468,54
2.5,15,-532,76
2.5,16,-484,58
2.5,17,-512,68
2.5,18,-488,92
2.5,19,-508,84
2.5,20,-492,56
2.5,21,-432,82
2.5,22,-500,68
2.5,23,-476,94
2.5,24,-496,88
2.5,25,-508,74
2.5,26,-496,82
2.5,27,-484,62
2.5,28,-536,58
2.5,29,-524,82
2.5,30,-508,70
2.5,31,-480,40
2.5,32,-512,40
2.5,33,-480,34
2.5,34,-488,30
2.5,35,-488,32
2.5,36,-520,26
2.5,37,-540,18
2.5,38,-488,26
2.5,39,-512,30
2.5,40,-460,26
2.5,41,-472,46
2.5,42,-420,32
2.5,43,-496,-16
2.5,44,-488,-28
2.5,45,-516,-12
2.5,46,-460,-24
2.5,47,-428,-38
2.5,48,-424,-18
2.5,49,-432,-22
2.5,50,-360,-40
2.5,51,-412,-8
2.5,52,-436,34
2.5,53,-408,32
2.5,54,-440,80
2.5,55,-448,54
2.5,56,-452,76
2.5,57,-432,106
2.5,58,-436,132
2.5,59,-428,108
2.5,60,-420,104
2.5,61,-448,118
2.5,62,-448,108
2.5,63,-444,112
2.5,64,-432,104
2.5,65,-440,114
2.5,66,-376,128
2.5,67,-428,142
2.5,68,-444,152
2.5,69,-436,132
2.5,70,-424,162
2.5,71,-436,148
2.5,72,-500,150
2.5,73,-488,130
2.5,74,-468,130
2.5,75,-480,160
2.5,76,-476,162
2.5,77,-492,146
2.5,78,-492,132
2.5,79,-440,98
2.5,80,-436,56
2.5,81,-412,86
2.5,82,-428,46
2.5,83,-436,-12
2.5,84,-484,-30
2.5,85,-492,-40
2.5,86,-516,-28
2.5,87,-476,-58
2.5,88,-508,-70
2.5,89,-464,-70
2.5,90,-496,-40
2.5,91,-452,-8
2.5,92,-536,-10
2.5,93,-500,8
2.5,94,-492,28
2.5,95,-560,50
2.5,96,-504,40
2.5,97,-476,-4
2.5,98,-444,-32
2.5,99,-492,-14
5,0,24,-16
5,1,-72,-34
5,2,-84,10
5,3,-40,-32
5,4,-116,-36
5,5,-120,-26
5,6,-92,0
5,7,-80,-36
5,8,-120,-66
5,9,-128,-34
5,10,-128,-2
5,11,-96,34
5,12,-116,32
5,13,-120,26
5,14,-100,-8
5,15,-160,-12
5,16,-216,4
5,17,-132,-16
5,18,-116,-26
5,19,-120,-44
5,20,-152,-86
5,21,-156,-52
5,22,-144,8
5,23,-80,18
5,24,-112,-12
5,25,-108,-38
5,26,-112,-4
5,27,-168,6
5,28,-96,2
5,29,-160,6
5,30,-128,-38
5,31,-112,-62
5,32,-116,-76
5,33,-132,-58
5,34,-164,-56
5,35,-152,-72
5,36,-132,-34
5,37,-124,14
5,38,-120,-16
5,39,-144,-28
5,40,-116,0
5,41,-128,24
5,42,-144,-28
5,43,-168,-16
5,44,-156,-66
5,45,-160,-26
5,46,-144,10
5,47,-148,-4
5,48,-120,-10
5,49,-108,-12
5,50,-140,18
5,51,-140,28
5,52,-56,6
5,53,-96,2
5,54,-156,20
5,55,-148,8
5,56,-164,18
5,57,-132,36
5,58,-164,28
5,59,-156,14
5,60,-108,24
5,61,-144,-12
5,62,-152,-4
5,63,-140,-28
5,64,-148,30
5,65,-136,50
5,66,-128,42
5,67,-104,34
5,68,-144,28
5,69,-124,-8
5,70,-128,-42
5,71,-96,-68
5,72,-144,-28
5,73,-168,-10
5,74,-120,6
5,75,-120,-4
5,76,-108,6
5,77,-80,-20
5,78,-92,-6
5,79,-108,0
5,80,-136,-8
5,81,-108,-32
5,82,-140,-28
5,83,-60,6
5,84,-116,44
5,85,-124,18
5,86,-112,14
5,87,-140,-8
5,88,-148,-28
5,89,-176,-8
5,90,-140,-58
5,91,-188,-46
5,92,-124,-66
5,93,-132,-52
5,94,-156,-42
5,95,-116,-66
5,96,-160,-110
5,97,-124,-68
5,98,-196,-34
5,99,-100,-16
0.1,0,-40,28
0.1,1,-340,28
0.1,2,-464,34
0.1,3,-568,68
0.1,4,-616,58
0.1,5,-668,60
0.1,6,-688,52
0.1,7,-696,44
0.1,8,-700,48
0.1,9,-700,44
0.1,10,-700,42
0.1,11,-700,22
0.1,12,-708,38
0.1,13,-716,26
0.1,14,-724,38
0.1,15,-736,36
0.1,16,-748,28
0.1,17,-748,26
0.1,18,-748,22
0.1,19,-748,20
0.1,20,-748,30
0.1,21,-748,30
0.1,22,-748,38
0.1,23,-748,26
0.1,24,-748,44
0.1,25,-748,44
0.1,26,-748,56
0.1,27,-760,56
0.1,28,-764,60
0.1,29,-764,54
0.1,30,-768,54
0.1,31,-768,58
0.1,32,-768,50
0.1,33,-768,58
0.1,34,-772,40
0.1,35,-776,38
0.1,36,-776,36
0.1,37,-776,28
0.1,38,-776,16
0.1,39,-776,6
0.1,40,-776,-2
0.1,41,-776,-6
0.1,42,-780,-2
0.1,43,-780,0
0.1,44,-780,4
0.1,45,-780,14
0.1,46,-780,4
0.1,47,-780,-2
0.1,48,-780,-18
0.1,49,-784,-16
0.1,50,-784,-14
0.1,51,-784,-10
0.1,52,-784,-4
0.1,53,-784,-14
0.1,54,-784,-12
0.1,55,-784,-8
0.1,56,-784,-8
0.1,57,-784,-8
0.1,58,-784,2
0.1,59,-788,-12
0.1,60,-788,-14
0.1,61,-788,-16
0.1,62,-788,-16
0.1,63,-788,-20
0.1,64,-788,-18
0.1,65,-788,-16
0.1,66,-788,-18
0.1,67,-788,-10
0.1,68,-788,-12
0.1,69,-788,-12
0.1,70,-788,-20
0.1,71,-788,-20
0.1,72,-788,-22
0.1,73,-788,-20
0.1,74,-788,-22
0.1,75,-788,-28
0.1,76,-788,-36
0.1,77,-788,-34
0.1,78,-788,-36
0.1,79,-788,-34
0.1,80,-788,-38
0.1,81,-792,-40
0.1,82,-792,-40
0.1,83,-792,-40
0.1,84,-792,-40
0.1,85,-792,-40
0.1,86,-792,-40
0.1,87,-792,-40
0.1,88,-792,-40
0.1,89,-792,-40
0.1,90,-792,-40
0.1,91,-792,-40
0.1,92,-792,-40
0.1,93,-792,-40
0.1,94,-792,-40
0.1,95,-792,-40
0.1,96,-792,-40
0.1,97,-792,-40
0.1,98,-792,-40
0.1,99,-792,-40
1,0,-12,-34
1,1,-288,-44
1,2,-424,-82
1,3,-516,-118
1,4,-556,-146
1,5,-592,-140
1,6,-616,-154
1,7,-644,-182
1,8,-672,-202
1,9,-688,-238
1,10,-684,-246
1,11,-680,-246
1,12,-708,-274
1,13,-708,-282
1,14,-720,-278
1,15,-716,-296
1,16,-712,-284
1,17,-732,-306
1,18,-736,-310
1,19,-740,-320
1,20,-752,-334
1,21,-756,-348
1,22,-776,-362
1,23,-780,-364
1,24,-780,-372
1,25,-792,-374
1,26,-792,-378
1,27,-792,-380
1,28,-792,-376
1,29,-792,-380
1,30,-800,-386
1,31,-796,-386
1,32,-804,-390
1,33,-816,-398
1,34,-824,-400
1,35,-824,-400
1,36,-824,-400
1,37,-824,-400
1,38,-824,-400
1,39,-824,-400
1,40,-824,-400
1,41,-824,-400
1,42,-824,-400
1,43,-824,-400
1,44,-824,-400
1,45,-824,-400
1,46,-824,-400
1,47,-824,-400
1,48,-824,-400
1,49,-824,-400
1,50,-824,-400
1,51,-824,-400
1,52,-824,-400
1,53,-824,-400
1,54,-824,-400
1,55,-824,-400
1,56,-824,-400
1,57,-824,-400
1,58,-816,-398
1,59,-816,-398
1,60,-824,-400
1,61,-824,-400
1,62,-824,-400
1,63,-824,-400
1,64,-824,-400
1,65,-824,-400
1,66,-824,-400
1,67,-824,-400
1,68,-824,-400
1,69,-824,-400
1,70,-824,-400
1,71,-824,-400
1,72,-824,-400
1,73,-824,-400
1,74,-824,-400
1,75,-824,-400
1,76,-824,-400
1,77,-824,-400
1,78,-824,-400
1,79,-816,-398
1,80,-824,-400
1,81,-824,-400
1,82,-816,-398
1,83,-824,-400
1,84,-824,-400
1,85,-824,-400
1,86,-824,-400
1,87,-824,-400
1,88,-816,-398
1,89,-816,-398
1,90,-816,-398
1,91,-824,-400
1,92,-824,-400
1,93,-824,-400
1,94,-824,-400
1,95,-824,-400
1,96,-824,-400
1,97,-824,-400
1,98,-824,-400
1,99,-824,-400
2.5,0,-4,0
2.5,1,-256,34
2.5,2,-288,40
2.5,3,-376,42
2.5,4,-352,50
2.5,5,-404,14
2.5,6,-436,44
2.5,7,-432,20
2.5,8,-404,8
2.5,9,-412,-6
2.5,10,-404,14
2.5,11,-372,30
2.5,12,-400,52
2.5,13,-436,78
2.5,14,-448,50
2.5,15,-380,50
2.5,16,-416,106
2.5,17,-460,100
2.5,18,-464,94
2.5,19,-448,92
2.5,20,-424,118
2.5,21,-436,118
2.5,22,-436,100
2.5,23,-452,98
2.5,24,-504,120
2.5,25,-476,124
2.5,26,-504,140
2.5,27,-464,126
2.5,28,-508,124
2.5,29,-500,112
2.5,30,-436,126
2.5,31,-448,130
2.5,32,-388,118
2.5,33,-452,138
2.5,34,-436,106
2.5,35,-428,134
2.5,36,-388,132
2.5,37,-408,94
2.5,38,-416,68
2.5,39,-408,50
2.5,40,-420,42
2.5,41,-440,66
2.5,42,-392,28
2.5,43,-400,50
2.5,44,-412,76
2.5,45,-364,32
2.5,46,-420,50
2.5,47,-372,74
2.5,48,-388,64
2.5,49,-432,86
2.5,50,-444,82
2.5,51,-444,104
2.5,52,-460,136
2.5,53,-496,138
2.5,54,-500,166
2.5,55,-472,154
2.5,56,-444,134
2.5,57,-428,118
2.5,58,-420,122
2.5,59,-400,148
2.5,60,-412,118
2.5,61,-416,110
2.5,62,-428,108
2.5,63,-428,118
2.5,64,-436,122
2.5,65,-444,100
2.5,66,-388,56
2.5,67,-428,24
2.5,68,-436,-10
2.5,69,-408,10
2.5,70,-400,8
2.5,71,-412,26
2.5,72,-460,-10
2.5,73,-464,0
2.5,74,-484,-44
2.5,75,-408,-42
2.5,76,-432,-22
2.5,77,-448,4
2.5,78,-428,-16
2.5,79,-472,-30
2.5,80,-516,-70
2.5,81,-488,-50
2.5,82,-492,-28
2.5,83,-420,-44
2.5,84,-412,-16
2.5,85,-444,-8
2.5,86,-416,8
2.5,87,-436,2
2.5,88,-436,-56
2.5,89,-420,-36
2.5,90,-428,-74
2.5,91,-424,-74
2.5,92,-368,-38
2.5,93,-376,-20
2.5,94,-416,-10
2.5,95,-408,24
2.5,96,-396,-4
2.5,97,-396,-12
2.5,98,-464,2
2.5,99,-444,-16
5,0,20,22
5,1,-88,8
5,2,-136,-16
5,3,-124,-36
5,4,-152,-88
5,5,-140,-90
5,6,-136,4
5,7,-104,-6
5,8,-92,-18
5,9,-64,12
5,10,-92,60
5,11,-120,64
5,12,-140,60
5,13,-164,68
5,14,-176,86
5,15,-104,56
5,16,-136,44
5,17,-116,22
5,18,-56,-4
5,19,-112,14
5,20,-112,-36
5,21,-80,-20
5,22,-140,-18
5,23,-128,-74
5,24,-152,-2
5,25,-140,6
5,26,-132,-8
5,27,-132,-12
5,28,-124,-16
5,29,-116,-14
5,30,-152,4
5,31,-112,-12
5,32,-92,-58
5,33,-116,-14
5,34,-152,6
5,35,-176,2
5,36,-92,22
5,37,-80,42
5,38,-116,0
5,39,-88,26
5,40,-76,18
5,41,-184,-34
5,42,-148,-32
5,43,-156,22
5,44,-140,-22
5,45,-160,-20
5,46,-116,30
5,47,-144,32
5,48,-128,-44
5,49,-96,-40
5,50,-128,12
5,51,-124,-10
5,52,-80,-22
5,53,-120,-18
5,54,-68,18
5,55,-116,28
5,56,-132,18
5,57,-172,-10
5,58,-136,-6
5,59,-76,6
5,60,-108,-62
5,61,-140,-34
5,62,-120,-66
5,63,-124,-6
5,64,-132,-24
5,65,-128,30
5,66,-136,16
5,67,-148,-10
5,68,-152,22
5,69,-180,50
5,70,-172,-4
5,71,-108,-6
5,72,-100,-12
5,73,-104,-56
5,74,-76,-48
5,75,-52,28
5,76,-120,72
5,77,-132,46
5,78,-132,4
5,79,-128,6
5,80,-80,2
5,81,-96,-28
5,82,-156,-18
5,83,-96,22
5,84,-144,14
5,85,-156,16
5,86,-92,-6
5,87,-116,-20
5,88,-112,6
5,89,-104,-44
5,90,-80,-24
5,91,-152,8
5,92,-136,24
5,93,-140,62
5,94,-152,44
5,95,-104,24
5,96,-116,48
5,97,-100,-42
5,98,-136,-38
5,99,-120,-54
0.1,0,12,0
0.1,1,-280,-2
0.1,2,-392,2
0.1,3,-472,32
0.1,4,-536,50
0.1,5,-568,80
0.1,6,-604,98
0.1,7,-612,90
0.1,8,-612,74
0.1,9,-612,76
0.1,10,-616,78
0.1,11,-616,84
0.1,12,-616,78
0.1,13,-616,88
0.1,14,-616,100
0.1,15,-616,110
0.1,16,-616,126
0.1,17,-616,136
0.1,18,-616,132
0.1,19,-616,146
0.1,20,-628,152
0.1,21,-632,176
0.1,22,-640,174
0.1,23,-644,158
0.1,24,-644,160
0.1,25,-644,166
0.1,26,-648,198
0.1,27,-652,200
0.1,28,-656,206
0.1,29,-656,226
0.1,30,-660,234
0.1,31,-660,240
0.1,32,-660,252
0.1,33,-664,256
0.1,34,-672,274
0.1,35,-676,276
0.1,36,-676,270
0.1,37,-680,274
0.1,38,-680,280
0.1,39,-680,288
0.1,40,-688,292
0.1,41,-688,300
0.1,42,-700,300
0.1,43,-708,312
0.1,44,-708,306
0.1,45,-712,322
0.1,46,-720,326
0.1,47,-724,340
0.1,48,-728,352
0.1,49,-732,360
0.1,50,-732,360
0.1,51,-732,358
0.1,52,-732,366
0.1,53,-732,362
0.1,54,-740,372
0.1,55,-744,382
0.1,56,-760,394
0.1,57,-764,396
0.1,58,-776,400
0.1,59,-776,400
0.1,60,-776,400
0.1,61,-776,400
0.1,62,-776,400
0.1,63,-776,400
0.1,64,-776,400
0.1,65,-776,400
0.1,66,-776,400
0.1,67,-776,400
0.1,68,-776,400
0.1,69,-776,400
0.1,70,-776,400
0.1,71,-776,400
0.1,72,-776,400
0.1,73,-776,400
0.1,74,-776,400
0.1,75,-776,400
0.1,76,-776,400
0.1,77,-776,400
0.1,78,-776,400
0.1,79,-776,400
0.1,80,-776,400
0.1,81,-776,400
0.1,82,-776,400
0.1,83,-776,400
0.1,84,-776,400
0.1,85,-776,400
0.1,86,-776,400
0.1,87,-776,400
0.1,88,-776,400
0.1,89,-776,400
0.1,90,-776,400
0.1,91,-776,400
0.1,92,-776,400
0.1,93,-776,400
0.1,94,-776,400
0.1,95,-776,400
0.1,96,-776,400
0.1,97,-776,400
0.1,98,-776,400
0.1,99,-776,400
1,0,0,2
1,1,-260,52
1,2,-376,66
1,3,-488,98
1,4,-536,146
1,5,-580,168
1,6,-604,164
1,7,-612,178
1,8,-620,208
1,9,-644,224
1,10,-656,234
1,11,-652,222
1,12,-664,230
1,13,-668,246
1,14,-680,248
1,15,-680,242
1,16,-676,242
1,17,-688,240
1,18,-700,264
1,19,-712,254
1,20,-716,270
1,21,-716,274
1,22,-708,270
1,23,-728,288
1,24,-724,274
1,25,-724,268
1,26,-720,274
1,27,-720,302
1,28,-724,316
1,29,-712,322
1,30,-720,326
1,31,-728,332
1,32,-740,340
1,33,-752,358
1,34,-764,378
1,35,-772,384
1,36,-780,394
1,37,-792,398
1,38,-792,398
1,39,-792,398
1,40,-792,398
1,41,-800,400
1,42,-800,400
1,43,-800,400
1,44,-800,400
1,45,-800,400
1,46,-800,400
1,47,-800,400
1,48,-800,400
1,49,-800,400
1,50,-792,398
1,51,-792,398
1,52,-800,400
1,53,-800,400
1,54,-800,400
1,55,-800,400
1,56,-800,400
1,57,-792,398
1,58,-784,396
1,59,-784,396
1,60,-792,398
1,61,-800,400
1,62,-800,400
1,63,-800,400
1,64,-800,400
1,65,-800,400
1,66,-800,400
1,67,-792,398
1,68,-784,396
1,69,-792,398
1,70,-792,398
1,71,-792,398
1,72,-800,400
1,73,-800,400
1,74,-800,400
1,75,-800,400
1,76,-800,400
1,77,-800,400
1,78,-784,396
1,79,-792,398
1,80,-800,400
1,81,-800,400
1,82,-800,400
1,83,-800,400
1,84,-800,400
1,85,-800,400
1,86,-800,400
1,87,-800,400
1,88,-800,400
1,89,-800,400
1,90,-800,400
1,91,-800,400
1,92,-800,400
1,93,-800,400
1,94,-800,400
1,95,-800,400
1,96,-792,398
1,97,-784,396
1,98,-792,398
1,99,-800,400
2.5,0,16,6
2.5,1,-164,8
2.5,2,-232,40
2.5,3,-260,26
2.5,4,-276,28
2.5,5,-324,34
2.5,6,-356,56
2.5,7,-340,54
2.5,8,-308,96
2.5,9,-324,30
2.5,10,-288,62
2.5,11,-292,52
2.5,12,-352,52
2.5,13,-312,30
2.5,14,-340,24
2.5,15,-316,58
2.5,16,-288,50
2.5,17,-328,70
2.5,18,-388,84
2.5,19,-320,90
2.5,20,-276,72
2.5,21,-376,90
2.5,22,-356,100
2.5,23,-396,88
2.5,24,-372,52
2.5,25,-380,44
2.5,26,-340,20
2.5,27,-316,26
2.5,28,-356,-2
2.5,29,-380,-36
2.5,30,-396,-98
2.5,31,-392,-110
2.5,32,-408,-130
2.5,33,-424,-104
2.5,34,-380,-116
2.5,35,-352,-116
2.5,36,-364,-122
2.5,37,-372,-134
2.5,38,-396,-42
2.5,39,-368,-18
2.5,40,-356,-22
2.5,41,-324,-22
2.5,42,-328,-30
2.5,43,-360,-54
2.5,44,-360,-58
2.5,45,-348,-36
2.5,46,-352,-36
2.5,47,-340,14
2.5,48,-340,12
2.5,49,-360,-32
2.5,50,-404,-64
2.5,51,-432,-56
2.5,52,-396,-70
2.5,53,-416,-60
2.5,54,-436,-52
2.5,55,-464,-74
2.5,56,-460,-74
2.5,57,-384,-64
2.5,58,-392,-74
2.5,59,-416,-94
2.5,60,-404,-110
2.5,61,-464,-172
2.5,62,-408,-152
2.5,63,-412,-150
2.5,64,-424,-116
2.5,65,-436,-130
2.5,66,-420,-84
2.5,67,-388,-92
2.5,68,-348,-80
2.5,69,-308,-94
2.5,70,-324,-48
2.5,71,-356,-12
2.5,72,-360,0
2.5,73,-316,14
2.5,74,-332,18
2.5,75,-332,38
2.5,76,-380,54
2.5,77,-376,44
2.5,78,-340,18
2.5,79,-344,-22
2.5,80,-408,-20
2.5,81,-340,-32
2.5,82,-356,-24
2.5,83,-372,-30
2.5,84,-352,-24
2.5,85,-412,-54
2.5,86,-388,-58
2.5,87,-424,-40
2.5,88,-392,-28
2.5,89,-368,32
2.5,90,-348,32
2.5,91,-344,46
2.5,92,-316,38
2.5,93,-364,62
2.5,94,-320,62
2.5,95,-280,62
2.5,96,-324,46
2.5,97,-340,56
2.5,98,-308,60
2.5,99,-328,56
5,0,-28,-6
5,1,-176,-50
5,2,-204,-34
5,3,-220,-2
5,4,-256,-4
5,5,-252,32
5,6,-204,24
5,7,-244,32
5,8,-248,28
5,9,-256,2
5,10,-244,-2
5,11,-208,6
5,12,-228,8
5,13,-216,-40
5,14,-188,22
5,15,-236,-10
5,16,-212,-22
5,17,-220,-16
5,18,-184,2
5,19,-228,-4
5,20,-240,-16
5,21,-264,24
5,22,-228,-4
5,23,-200,12
5,24,-240,-18
5,25,-212,-18
5,26,-192,-28
5,27,-268,-8
5,28,-216,4
5,29,-252,-26
5,30,-256,0
5,31,-244,-18
5,32,-200,-24
5,33,-232,-38
5,34,-260,22
5,35,-208,-42
5,36,-268,-24
5,37,-276,-44
5,38,-236,-40
5,39,-200,-10
5,40,-208,-2
5,41,-248,-8
5,42,-220,22
5,43,-244,20
5,44,-256,26
5,45,-196,-12
5,46,-228,-54
5,47,-248,-74
5,48,-264,-64
5,49,-244,-10
5,50,-244,-36
5,51,-212,-38
5,52,-204,-68
5,53,-256,-56
5,54,-184,-8
5,55,-256,-14
5,56,-216,62
5,57,-228,40
5,58,-212,20
5,59,-240,20
5,60,-228,78
5,61,-212,40
5,62,-276,54
5,63,-232,42
5,64,-304,6
5,65,-292,-2
5,66,-232,12
5,67,-232,-16
5,68,-240,0
5,69,-180,-6
5,70,-220,-54
5,71,-240,-60
5,72,-200,-52
5,73,-240,-30
5,74,-196,-4
5,75,-180,-38
5,76,-216,-56
5,77,-200,-2
5,78,-164,32
5,79,-244,32
5,80,-224,48
5,81,-208,68
5,82,-236,-6
5,83,-196,-18
5,84,-224,-72
5,85,-288,-42
5,86,-260,-20
5,87,-204,6
5,88,-240,46
5,89,-276,30
5,90,-224,-12
5,91,-268,-64
5,92,-200,-22
5,93,-184,-6
5,94,-224,48
5,95,-260,76
5,96,-204,54
5,97,-256,12
5,98,-260,6
5,99,-220,-14
0.1,0,-28,12
0.1,1,-364,50
0.1,2,-460,46
0.1,3,-528,42
0.1,4,-596,54
0.1,5,-624,60
0.1,6,-644,76
0.1,7,-656,94
0.1,8,-672,104
0.1,9,-676,104
0.1,10,-688,142
0.1,11,-708,166
0.1,12,-716,194
0.1,13,-720,200
0.1,14,-724,220
0.1,15,-740,242
0.1,16,-752,258
0.1,17,-760,272
0.1,18,-784,284
0.1,19,-784,284
0.1,20,-784,290
0.1,21,-784,300
0.1,22,-788,306
0.1,23,-792,310
0.1,24,-792,306
0.1,25,-792,316
0.1,26,-792,314
0.1,27,-796,320
0.1,28,-800,328
0.1,29,-804,340
0.1,30,-812,346
0.1,31,-812,346
0.1,32,-812,352
0.1,33,-816,354
0.1,34,-816,352
0.1,35,-816,358
0.1,36,-820,370
0.1,37,-824,374
0.1,38,-828,382
0.1,39,-836,390
0.1,40,-848,398
0.1,41,-856,400
0.1,42,-856,400
0.1,43,-856,400
0.1,44,-856,400
0.1,45,-856,400
0.1,46,-856,400
0.1,47,-856,400
0.1,48,-856,400
0.1,49,-856,400
0.1,50,-856,400
0.1,51,-856,400
0.1,52,-856,400
0.1,53,-856,400
0.1,54,-856,400
0.1,55,-856,400
0.1,56,-856,400
0.1,57,-856,400
0.1,58,-856,400
0.1,59,-856,400
0.1,60,-856,400
0.1,61,-856,400
0.1,62,-856,400
0.1,63,-856,400
0.1,64,-856,400
0.1,65,-856,400
0.1,66,-856,400
0.1,67,-856,400
0.1,68,-856,400
0.1,69,-856,400
0.1,70,-856,400
0.1,71,-856,400
0.1,72,-856,400
0.1,73,-856,400
0.1,74,-856,400
0.1,75,-856,400
0.1,76,-856,400
0.1,77,-856,400
0.1,78,-856,400
0.1,79,-856,400
0.1,80,-856,400
0.1,81,-856,400
0.1,82,-856,400
0.1,83,-856,400
0.1,84,-856,400
0.1,85,-856,400
0.1,86,-856,400
0.1,87,-856,400
0.1,88,-856,400
0.1,89,-856,400
0.1,90,-856,400
0.1,91,-856,400
0.1,92,-856,400
0.1,93,-856,400
0.1,94,-856,400
0.1,95,-856,400
0.1,96,-856,400
0.1,97,-856,400
0.1,98,-856,400
0.1,99,-856,400
1,0,40,20
1,1,-220,26
1,2,-332,38
1,3,-372,48
1,4,-444,64
1,5,-500,68
1,6,-548,72
1,7,-544,86
1,8,-552,104
1,9,-552,86
1,10,-564,86
1,11,-568,84
1,12,-576,106
1,13,-576,94
1,14,-580,70
1,15,-572,78
1,16,-576,90
1,17,-584,80
1,18,-584,80
1,19,-584,80
1,20,-584,92
1,21,-580,98
1,22,-580,102
1,23,-584,86
1,24,-588,66
1,25,-588,72
1,26,-588,80
1,27,-600,92
1,28,-600,80
1,29,-600,68
1,30,-600,64
1,31,-608,58
1,32,-604,66
1,33,-604,74
1,34,-600,90
1,35,-604,78
1,36,-604,70
1,37,-604,60
1,38,-604,58
1,39,-600,46
1,40,-612,50
1,41,-596,52
1,42,-604,40
1,43,-608,38
1,44,-608,26
1,45,-608,18
1,46,-612,34
1,47,-604,30
1,48,-604,34
1,49,-608,18
1,50,-600,18
1,51,-608,20
1,52,-612,24
1,53,-608,22
1,54,-596,22
1,55,-588,22
1,56,-588,20
1,57,-592,8
1,58,-604,-2
1,59,-600,16
1,60,-604,10
1,61,-604,2
1,62,-604,8
1,63,-600,4
1,64,-600,-2
1,65,-604,8
1,66,-604,20
1,67,-596,22
1,68,-604,24
1,69,-600,12
1,70,-608,26
1,71,-612,40
1,72,-604,38
1,73,-608,50
1,74,-608,48
1,75,-608,50
1,76,-612,56
1,77,-616,58
1,78,-620,52
1,79,-620,54
1,80,-620,50
1,81,-616,52
1,82,-612,42
1,83,-616,42
1,84,-616,50
1,85,-608,58
1,86,-608,76
1,87,-604,70
1,88,-604,70
1,89,-612,68
1,90,-612,66
1,91,-604,64
1,92,-608,56
1,93,-608,60
1,94,-612,58
1,95,-604,42
1,96,-612,34
1,97,-612,32
1,98,-616,32
1,99,-608,44
2.5,0,-16,12
2.5,1,-280,30
2.5,2,-324,60
2.5,3,-360,46
2.5,4,-396,80
2.5,5,-452,62
2.5,6,-448,54
2.5,7,-504,78
2.5,8,-504,62
2.5,9,-504,98
2.5,10,-488,72
2.5,11,-524,100
2.5,12,-532,94
2.5,13,-580,130
2.5,14,-540,136
2.5,15,-496,114
2.5,16,-500,98
2.5,17,-564,120
2.5,18,-480,114
2.5,19,-488,118
2.5,20,-412,92
2.5,21,-428,92
2.5,22,-400,74
2.5,23,-436,46
2.5,24,-392,88
2.5,25,-392,106
2.5,26,-388,80
2.5,27,-388,86
2.5,28,-416,82
2.5,29,-424,86
2.5,30,-448,86
2.5,31,-420,70
2.5,32,-444,76
2.5,33,-468,72
2.5,34,-496,86
2.5,35,-432,94
2.5,36,-444,90
2.5,37,-452,64
2.5,38,-460,68
2.5,39,-500,48
2.5,40,-456,36
2.5,41,-464,42
2.5,42,-472,68
2.5,43,-468,60
2.5,44,-516,82
2.5,45,-480,120
2.5,46,-488,106
2.5,47,-448,98
2.5,48,-496,122
2.5,49,-448,138
2.5,50,-492,176
2.5,51,-480,128
2.5,52,-472,116
2.5,53,-452,146
2.5,54,-472,166
2.5,55,-468,130
2.5,56,-484,148
2.5,57,-516,144
2.5,58,-516,128
2.5,59,-516,154
2.5,60,-484,138
2.5,61,-504,152
2.5,62,-480,170
2.5,63,-492,146
2.5,64,-464,146
2.5,65,-488,156
2.5,66,-476,164
2.5,67,-456,154
2.5,68,-452,156
2.5,69,-468,134
2.5,70,-484,156
2.5,71,-504,182
2.5,72,-496,170
2.5,73,-524,148
2.5,74,-520,160
2.5,75,-492,134
2.5,76,-536,126
2.5,77,-492,126
2.5,78,-484,120
2.5,79,-488,96
2.5,80,-500,122
2.5,81,-500,110
2.5,82,-496,82
2.5,83,-476,90
2.5,84,-516,100
2.5,85,-516,152
2.5,86,-520,162
2.5,87,-492,164
2.5,88,-496,176
2.5,89,-484,194
2.5,90,-464,184
2.5,91,-512,188
2.5,92,-504,170
2.5,93,-536,196
2.5,94,-552,192
2.5,95,-544,200
2.5,96,-580,190
2.5,97,-560,180
2.5,98,-548,154
2.5,99,-540,184
5,0,8,-26
5,1,-128,8
5,2,-168,32
5,3,-168,14
5,4,-128,32
5,5,-100,18
5,6,-124,30
5,7,-120,-20
5,8,-144,-12
5,9,-204,-46
5,10,-140,-22
5,11,-140,20
5,12,-144,36
5,13,-160,30
5,14,-156,16
5,15,-196,-16
5,16,-160,-10
5,17,-172,20
5,18,-144,4
5,19,-156,26
5,20,-156,-2
5,21,-224,8
5,22,-184,-14
5,23,-152,-8
5,24,-136,72
5,25,-188,80
5,26,-144,68
5,27,-208,34
5,28,-156,8
5,29,-180,14
5,30,-144,12
5,31,-168,42
5,32,-172,34
5,33,-160,34
5,34,-184,26
5,35,-152,18
5,36,-184,40
5,37,-152,18
5,38,-108,28
5,39,-132,8
5,40,-168,92
5,41,-140,24
5,42,-180,32
5,43,-160,-30
5,44,-188,-12
5,45,-116,44
5,46,-68,12
5,47,-140,0
5,48,-180,-52
5,49,-140,-38
5,50,-172,-68
5,51,-124,-44
5,52,-140,-22
5,53,-188,-4
5,54,-132,34
5,55,-112,6
5,56,-140,36
5,57,-160,36
5,58,-180,-8
5,59,-108,12
5,60,-136,-18
5,61,-124,0
5,62,-188,-32
5,63,-188,-26
5,64,-108,-20
5,65,-148,-56
5,66,-180,-42
5,67,-168,-30
5,68,-228,-76
5,69,-136,-24
5,70,-168,-48
5,71,-192,-26
5,72,-152,34
5,73,-216,-40
5,74,-212,12
5,75,-164,18
5,76,-176,32
5,77,-136,6
5,78,-156,-8
5,79,-144,-48
5,80,-160,-32
5,81,-160,-12
5,82,-140,-36
5,83,-128,28
5,84,-88,48
5,85,-120,52
5,86,-124,44
5,87,-176,20
5,88,-140,8
5,89,-140,0
5,90,-172,-26
5,91,-196,-26
5,92,-220,-42
5,93,-164,-38
5,94,-140,-16
5,95,-128,-40
5,96,-204,-54
5,97,-156,-18
5,98,-136,-32
5,99,-160,-2
0.1,0,16,-24
0.1,1,-292,-74
0.1,2,-368,-78
0.1,3,-448,-104
0.1,4,-504,-112
0.1,5,-536,-124
0.1,6,-584,-110
0.1,7,-600,-100
0.1,8,-608,-102
0.1,9,-612,-118
0.1,10,-612,-120
0.1,11,-616,-126
0.1,12,-616,-128
0.1,13,-628,-132
0.1,14,-628,-114
0.1,15,-636,-102
0.1,16,-636,-104
0.1,17,-636,-98
0.1,18,-636,-98
0.1,19,-636,-84
0.1,20,-644,-86
0.1,21,-644,-96
0.1,22,-648,-98
0.1,23,-648,-98
0.1,24,-648,-106
0.1,25,-648,-120
0.1,26,-648,-126
0.1,27,-652,-126
0.1,28,-652,-134
0.1,29,-652,-134
0.1,30,-652,-132
0.1,31,-656,-134
0.1,32,-656,-138
0.1,33,-656,-150
0.1,34,-656,-164
0.1,35,-656,-154
0.1,36,-660,-142
0.1,37,-660,-138
0.1,38,-660,-138
0.1,39,-660,-142
0.1,40,-660,-136
0.1,41,-660,-142
0.1,42,-664,-134
0.1,43,-664,-118
0.1,44,-664,-114
0.1,45,-668,-126
0.1,46,-668,-128
0.1,47,-668,-136
0.1,48,-668,-130
0.1,49,-668,-150
0.1,50,-668,-154
0.1,51,-672,-160
0.1,52,-672,-164
0.1,53,-672,-172
0.1,54,-672,-164
0.1,55,-676,-156
0.1,56,-676,-168
0.1,57,-676,-162
0.1,58,-676,-158
0.1,59,-676,-158
0.1,60,-676,-148
0.1,61,-676,-146
0.1,62,-676,-150
0.1,63,-676,-158
0.1,64,-676,-156
0.1,65,-680,-154
0.1,66,-680,-150
0.1,67,-680,-154
0.1,68,-680,-154
0.1,69,-680,-158
0.1,70,-680,-156
0.1,71,-680,-148
0.1,72,-680,-146
0.1,73,-680,-154
0.1,74,-680,-148
0.1,75,-680,-150
0.1,76,-684,-144
0.1,77,-684,-146
0.1,78,-684,-144
0.1,79,-684,-138
0.1,80,-684,-140
0.1,81,-684,-140
0.1,82,-684,-138
0.1,83,-684,-138
0.1,84,-684,-136
0.1,85,-684,-130
0.1,86,-684,-136
0.1,87,-684,-132
0.1,88,-684,-132
0.1,89,-684,-130
0.1,90,-684,-132
0.1,91,-684,-128
0.1,92,-684,-130
0.1,93,-684,-136
0.1,94,-684,-132
0.1,95,-684,-132
0.1,96,-684,-132
0.1,97,-684,-130
0.1,98,-684,-132
0.1,99,-684,-128
1,0,-48,-4
1,1,-304,36
1,2,-480,46
1,3,-572,50
1,4,-608,34
1,5,-636,42
1,6,-656,60
1,7,-696,68
1,8,-712,84
1,9,-720,82
1,10,-728,88
1,11,-720,86
1,12,-724,80
1,13,-732,70
1,14,-736,68
1,15,-748,74
1,16,-740,82
1,17,-744,86
1,18,-748,86
1,19,-748,98
1,20,-748,90
1,21,-748,86
1,22,-756,76
1,23,-748,70
1,24,-756,64
1,25,-756,62
1,26,-756,58
1,27,-752,38
1,28,-752,46
1,29,-760,70
1,30,-760,82
1,31,-764,76
1,32,-764,62
1,33,-764,68
1,34,-760,76
1,35,-772,62
1,36,-772,56
1,37,-780,62
1,38,-780,62
1,39,-776,46
1,40,-780,52
1,41,-776,54
1,42,-788,60
1,43,-788,54
1,44,-780,56
1,45,-784,56
1,46,-784,56
1,47,-780,68
1,48,-788,72
1,49,-792,84
1,50,-792,80
1,51,-784,74
1,52,-788,76
1,53,-788,72
1,54,-792,72
1,55,-788,66
1,56,-784,68
1,57,-792,62
1,58,-796,56
1,59,-788,54
1,60,-788,56
1,61,-788,54
1,62,-788,56
1,63,-792,56
1,64,-792,70
1,65,-792,74
1,66,-792,68
1,67,-796,70
1,68,-804,66
1,69,-796,76
1,70,-792,94
1,71,-788,98
1,72,-792,112
1,73,-792,118
1,74,-784,132
1,75,-784,130
1,76,-784,136
1,77,-784,134
1,78,-780,136
1,79,-784,134
1,80,-776,130
1,81,-784,138
1,82,-784,134
1,83,-788,132
1,84,-784,134
1,85,-784,144
1,86,-780,156
1,87,-792,154
1,88,-792,154
1,89,-792,152
1,90,-796,146
1,91,-792,150
1,92,-800,152
1,93,-800,156
1,94,-796,158
1,95,-792,156
1,96,-792,148
1,97,-792,150
1,98,-792,150
1,99,-792,154
2.5,0,-24,-4
2.5,1,-264,20
2.5,2,-340,20
2.5,3,-404,60
2.5,4,-388,52
2.5,5,-376,54
2.5,6,-420,14
2.5,7,-404,28
2.5,8,-472,26
2.5,9,-468,16
2.5,10,-488,40
2.5,11,-452,80
2.5,12,-480,104
2.5,13,-512,78
2.5,14,-496,70
2.5,15,-472,84
2.5,16,-512,138
2.5,17,-432,112
2.5,18,-380,122
2.5,19,-428,182
2.5,20,-432,152
2.5,21,-436,156
2.5,22,-484,168
2.5,23,-480,134
2.5,24,-500,128
2.5,25,-524,96
2.5,26,-516,70
2.5,27,-520,76
2.5,28,-512,56
2.5,29,-476,46
2.5,30,-480,42
2.5,31,-488,76
2.5,32,-544,80
2.5,33,-536,48
2.5,34,-508,88
2.5,35,-516,110
2.5,36,-500,98
2.5,37,-520,132
2.5,38,-500,138
2.5,39,-508,156
2.5,40,-524,180
2.5,41,-512,180
2.5,42,-468,166
2.5,43,-524,174
2.5,44,-480,160
2.5,45,-496,144
2.5,46,-456,120
2.5,47,-492,126
2.5,48,-460,140
2.5,49,-416,118
2.5,50,-448,158
2.5,51,-480,162
2.5,52,-460,140
2.5,53,-448,154
2.5,54,-464,166
2.5,55,-460,188
2.5,56,-484,218
2.5,57,-480,224
2.5,58,-516,230
2.5,59,-532,252
2.5,60,-596,286
2.5,61,-536,274
2.5,62,-560,268
2.5,63,-592,294
2.5,64,-584,278
2.5,65,-572,260
2.5,66,-516,204
2.5,67,-480,176
2.5,68,-436,158
2.5,69,-452,162
2.5,70,-496,188
2.5,71,-516,200
2.5,72,-520,196
2.5,73,-532,202
2.5,74,-520,182
2.5,75,-568,224
2.5,76,-596,214
2.5,77,-572,210
2.5,78,-528,182
2.5,79,-492,174
2.5,80,-512,166
2.5,81,-496,176
2.5,82,-488,160
2.5,83,-508,180
2.5,84,-512,160
2.5,85,-492,160
2.5,86,-500,156
2.5,87,-548,184
2.5,88,-528,138
2.5,89,-552,144
2.5,90,-532,140
2.5,91,-548,124
2.5,92,-528,106
2.5,93,-564,106
2.5,94,-584,110
2.5,95,-588,94
2.5,96,-520,90
2.5,97,-516,102
2.5,98,-528,74
2.5,99,-508,62
5,0,0,-6
5,1,-108,-8
5,2,-148,-42
5,3,-188,-38
5,4,-236,-56
5,5,-180,-26
5,6,-156,0
5,7,-132,8
5,8,-164,-32
5,9,-92,-28
5,10,-124,-4
5,11,-128,4
5,12,-156,-28
5,13,-168,-14
5,14,-192,-28
5,15,-184,6
5,16,-200,-34
5,17,-196,-2
5,18,-216,-28
5,19,-156,-26
5,20,-192,18
5,21,-152,40
5,22,-168,-20
5,23,-140,-52
5,24,-156,-12
5,25,-208,-16
5,26,-184,-10
5,27,-144,-28
5,28,-216,-16
5,29,-144,-22
5,30,-228,16
5,31,-196,-28
5,32,-168,-50
5,33,-228,-68
5,34,-236,-82
5,35,-140,-26
5,36,-168,26
5,37,-204,-10
5,38,-192,4
5,39,-136,28
5,40,-172,22
5,41,-188,12
5,42,-192,6
5,43,-216,-2
5,44,-228,-26
5,45,-236,-26
5,46,-220,14
5,47,-176,6
5,48,-176,8
5,49,-168,18
5,50,-160,38
5,51,-168,10
5,52,-188,10
5,53,-168,8
5,54,-236,-38
5,55,-168,8
5,56,-164,44
5,57,-112,14
5,58,-200,40
5,59,-212,16
5,60,-140,-12
5,61,-160,12
5,62,-128,12
5,63,-160,-6
5,64,-208,2
5,65,-228,34
5,66,-184,64
5,67,-148,28
5,68,-184,28
5,69,-128,12
5,70,-128,22
5,71,-208,-6
5,72,-188,-20
5,73,-180,-8
5,74,-152,-6
5,75,-152,-4
5,76,-144,-24
5,77,-160,6
5,78,-124,4
5,79,-168,-28
5,80,-200,12
5,81,-180,40
5,82,-272,16
5,83,-268,-74
5,84,-204,-54
5,85,-192,-2
5,86,-176,-36
5,87,-196,-44
5,88,-192,-52
5,89,-160,-38
5,90,-180,6
5,91,-188,20
5,92,-176,22
5,93,-196,14
5,94,-116,8
5,95,-168,40
5,96,-116,70
5,97,-212,60
5,98,-180,14
5,99,-176,20
0.1,0,-20,18
0.1,1,-312,4
0.1,2,-432,-16
0.1,3,-496,-36
0.1,4,-564,-52
0.1,5,-580,-50
0.1,6,-600,-60
0.1,7,-624,-54
0.1,8,-648,-82
0.1,9,-652,-90
0.1,10,-668,-84
0.1,11,-680,-106
0.1,12,-688,-120
0.1,13,-688,-126
0.1,14,-688,-144
0.1,15,-692,-138
0.1,16,-696,-136
0.1,17,-700,-150
0.1,18,-700,-148
0.1,19,-700,-144
0.1,20,-700,-144
0.1,21,-700,-162
0.1,22,-704,-176
0.1,23,-708,-186
0.1,24,-708,-194
0.1,25,-708,-192
0.1,26,-708,-188
0.1,27,-708,-198
0.1,28,-708,-188
0.1,29,-708,-196
0.1,30,-708,-200
0.1,31,-712,-220
0.1,32,-712,-214
0.1,33,-712,-216
0.1,34,-720,-224
0.1,35,-732,-230
0.1,36,-744,-248
0.1,37,-744,-254
0.1,38,-744,-252
0.1,39,-748,-264
0.1,40,-748,-276
0.1,41,-748,-284
0.1,42,-756,-298
0.1,43,-760,-300
0.1,44,-768,-314
0.1,45,-768,-320
0.1,46,-768,-322
0.1,47,-768,-316
0.1,48,-768,-316
0.1,49,-768,-316
0.1,50,-768,-318
0.1,51,-768,-310
0.1,52,-780,-338
0.1,53,-780,-338
0.1,54,-788,-356
0.1,55,-796,-366
0.1,56,-796,-372
0.1,57,-796,-374
0.1,58,-796,-380
0.1,59,-796,-382
0.1,60,-808,-386
0.1,61,-816,-396
0.1,62,-816,-396
0.1,63,-816,-396
0.1,64,-832,-400
0.1,65,-832,-400
0.1,66,-832,-400
0.1,67,-832,-400
0.1,68,-832,-400
0.1,69,-832,-400
0.1,70,-832,-400
0.1,71,-832,-400
0.1,72,-832,-400
0.1,73,-832,-400
0.1,74,-832,-400
0.1,75,-832,-400
0.1,76,-832,-400
0.1,77,-832,-400
0.1,78,-832,-400
0.1,79,-832,-400
0.1,80,-832,-400
0.1,81,-832,-400
0.1,82,-832,-400
0.1,83,-832,-400
0.1,84,-832,-400
0.1,85,-832,-400
0.1,86,-832,-400
0.1,87,-832,-400
0.1,88,-832,-400
0.1,89,-832,-400
0.1,90,-832,-400
0.1,91,-832,-400
0.1,92,-832,-400
0.1,93,-832,-400
0.1,94,-832,-400
0.1,95,-832,-400
0.1,96,-832,-400
0.1,97,-832,-400
0.1,98,-832,-400
0.1,99,-832,-400
1,0,-36,16
1,1,-360,-18
1,2,-472,-14
1,3,-544,-28
1,4,-612,-26
1,5,-612,-10
1,6,-628,-12
1,7,-636,-18
1,8,-664,-14
1,9,-688,-24
1,10,-696,-30
1,11,-696,-36
1,12,-684,-26
1,13,-692,-24
1,14,-692,-26
1,15,-704,-24
1,16,-704,-22
1,17,-704,-38
1,18,-712,-52
1,19,-720,-36
1,20,-720,-48
1,21,-724,-44
1,22,-732,-54
1,23,-732,-68
1,24,-728,-62
1,25,-740,-88
1,26,-744,-82
1,27,-744,-78
1,28,-736,-78
1,29,-744,-84
1,30,-748,-92
1,31,-748,-100
1,32,-748,-94
1,33,-760,-98
1,34,-752,-114
1,35,-752,-124
1,36,-760,-130
1,37,-764,-142
1,38,-756,-142
1,39,-756,-146
1,40,-764,-160
1,41,-756,-172
1,42,-764,-178
1,43,-764,-180
1,44,-768,-168
1,45,-772,-168
1,46,-760,-166
1,47,-756,-162
1,48,-768,-170
1,49,-764,-170
1,50,-768,-182
1,51,-776,-194
1,52,-780,-208
1,53,-776,-214
1,54,-784,-218
1,55,-788,-230
1,56,-788,-238
1,57,-792,-242
1,58,-796,-242
1,59,-788,-238
1,60,-792,-250
1,61,-792,-264
1,62,-792,-280
1,63,-792,-290
1,64,-792,-284
1,65,-792,-280
1,66,-792,-292
1,67,-796,-276
1,68,-792,-266
1,69,-788,-264
1,70,-796,-264
1,71,-796,-276
1,72,-800,-280
1,73,-804,-290
1,74,-800,-296
1,75,-804,-294
1,76,-804,-296
1,77,-804,-304
1,78,-800,-302
1,79,-804,-308
1,80,-804,-320
1,81,-804,-330
1,82,-820,-346
1,83,-820,-356
1,84,-820,-346
1,85,-812,-346
1,86,-812,-352
1,87,-816,-356
1,88,-816,-354
1,89,-824,-364
1,90,-832,-368
1,91,-832,-372
1,92,-840,-374
1,93,-844,-382
1,94,-848,-392
1,95,-864,-398
1,96,-872,-400
1,97,-864,-398
1,98,-872,-400
1,99,-872,-400
2.5,0,32,-6
2.5,1,-132,-12
2.5,2,-244,24
2.5,3,-296,14
2.5,4,-276,-2
2.5,5,-272,8
2.5,6,-320,-20
2.5,7,-292,-16
2.5,8,-296,8
2.5,9,-360,58
2.5,10,-360,50
2.5,11,-396,52
2.5,12,-380,54
2.5,13,-428,64
2.5,14,-376,78
2.5,15,-384,66
2.5,16,-316,86
2.5,17,-340,82
2.5,18,-384,84
2.5,19,-384,70
2.5,20,-360,20
2.5,21,-384,14
2.5,22,-368,50
2.5,23,-372,20
2.5,24,-400,-14
2.5,25,-348,-14
2.5,26,-348,-38
2.5,27,-360,-50
2.5,28,-340,-68
2.5,29,-328,-32
2.5,30,-340,-24
2.5,31,-392,-20
2.5,32,-388,-34
2.5,33,-416,-64
2.5,34,-332,-60
2.5,35,-404,-44
2.5,36,-356,-42
2.5,37,-384,-44
2.5,38,-432,-38
2.5,39,-424,-18
2.5,40,-424,0
2.5,41,-416,-26
2.5,42,-444,-4
2.5,43,-384,-12
2.5,44,-364,-44
2.5,45,-336,-4
2.5,46,-328,-22
2.5,47,-288,-16
2.5,48,-300,2
2.5,49,-264,6
2.5,50,-284,22
2.5,51,-332,36
2.5,52,-296,50
2.5,53,-244,46
2.5,54,-272,36
2.5,55,-232,58
2.5,56,-328,54
2.5,57,-316,22
2.5,58,-304,24
2.5,59,-320,34
2.5,60,-280,64
2.5,61,-288,86
2.5,62,-276,54
2.5,63,-348,0
2.5,64,-376,-14
2.5,65,-352,16
2.5,66,-356,14
2.5,67,-388,44
2.5,68,-376,50
2.5,69,-416,80
2.5,70,-436,66
2.5,71,-396,42
2.5,72,-364,62
2.5,73,-324,90
2.5,74,-368,130
2.5,75,-424,172
2.5,76,-412,178
2.5,77,-436,178
2.5,78,-432,206
2.5,79,-412,172
2.5,80,-428,174
2.5,81,-416,198
2.5,82,-420,200
2.5,83,-436,174
2.5,84,-464,208
2.5,85,-364,146
2.5,86,-372,180
2.5,87,-380,196
2.5,88,-368,202
2.5,89,-332,186
2.5,90,-352,172
2.5,91,-380,188
2.5,92,-384,204
2.5,93,-368,180
2.5,94,-360,140
2.5,95,-384,182
2.5,96,-364,168
2.5,97,-336,202
2.5,98,-328,176
2.5,99,-368,186
5,0,-36,-12
5,1,-212,-50
5,2,-240,-24
5,3,-276,-12
5,4,-284,8
5,5,-340,-38
5,6,-264,-36
5,7,-244,-12
5,8,-292,-58
5,9,-276,-50
5,10,-288,-16
5,11,-320,-24
5,12,-256,22
5,13,-312,-18
5,14,-268,-12
5,15,-280,30
5,16,-244,-4
5,17,-288,-36
5,18,-276,-24
5,19,-208,-6
5,20,-276,30
5,21,-308,30
5,22,-244,42
5,23,-284,-8
5,24,-240,-8
5,25,-160,30
5,26,-268,34
5,27,-232,-26
5,28,-220,-84
5,29,-264,-28
5,30,-276,-2
5,31,-304,-24
5,32,-272,2
5,33,-248,-4
5,34,-192,-42
5,35,-248,-40
5,36,-256,-22
5,37,-224,6
5,38,-260,4
5,39,-300,22
5,40,-284,44
5,41,-220,48
5,42,-224,26
5,43,-236,-4
5,44,-188,16
5,45,-188,-36
5,46,-220,-18
5,47,-244,-4
5,48,-252,-22
5,49,-256,-22
5,50,-216,18
5,51,-236,24
5,52,-276,-6
5,53,-256,-18
5,54,-260,-2
5,55,-268,-6
5,56,-236,2
5,57,-236,0
5,58,-272,-24
5,59,-264,22
5,60,-192,46
5,61,-212,38
5,62,-212,28
5,63,-232,2
5,64,-252,-2
5,65,-264,40
5,66,-216,-18
5,67,-224,-38
5,68,-244,-20
5,69,-260,-24
5,70,-224,16
5,71,-272,-4
5,72,-200,-2
5,73,-160,4
5,74,-220,8
5,75,-240,-20
5,76,-244,12
5,77,-216,-38
5,78,-268,-24
5,79,-240,-52
5,80,-232,-24
5,81,-260,-8
5,82,-192,-4
5,83,-200,-22
5,84,-248,-18
5,85,-268,-6
5,86,-252,10
5,87,-224,-4
5,88,-236,0
5,89,-264,-18
5,90,-256,-38
5,91,-224,-58
5,92,-204,-26
5,93,-244,-26
5,94,-248,2
5,95,-256,-16
5,96,-240,4
5,97,-268,24
5,98,-244,14
5,99,-308,-2
0.1,0,8,34
0.1,1,-300,70
0.1,2,-412,92
0.1,3,-484,138
0.1,4,-520,160
0.1,5,-532,166
0.1,6,-564,180
0.1,7,-588,202
0.1,8,-592,196
0.1,9,-596,194
0.1,10,-608,194
0.1,11,-620,210
0.1,12,-640,230
0.1,13,-648,238
0.1,14,-660,258
0.1,15,-668,262
0.1,16,-676,282
0.1,17,-680,282
0.1,18,-688,296
0.1,19,-688,298
0.1,20,-700,320
0.1,21,-704,322
0.1,22,-712,326
0.1,23,-720,338
0.1,24,-724,350
0.1,25,-728,352
0.1,26,-728,360
0.1,27,-736,360
0.1,28,-736,358
0.1,29,-736,360
0.1,30,-740,364
0.1,31,-740,366
0.1,32,-748,378
0.1,33,-748,378
0.1,34,-752,384
0.1,35,-760,394
0.1,36,-764,396
0.1,37,-768,398
0.1,38,-776,400
0.1,39,-776,400
0.1,40,-776,400
0.1,41,-776,400
0.1,42,-776,400
0.1,43,-776,400
0.1,44,-776,400
0.1,45,-776,400
0.1,46,-776,400
0.1,47,-776,400
0.1,48,-776,400
0.1,49,-776,400
0.1,50,-776,400
0.1,51,-776,400
0.1,52,-776,400
0.1,53,-776,400
0.1,54,-776,400
0.1,55,-776,400
0.1,56,-776,400
0.1,57,-776,400
0.1,58,-776,400
0.1,59,-776,400
0.1,60,-776,400
0.1,61,-776,400
0.1,62,-776,400
0.1,63,-776,400
0.1,64,-776,400
0.1,65,-776,400
0.1,66,-776,400
0.1,67,-776,400
0.1,68,-776,400
0.1,69,-776,400
0.1,70,-776,400
0.1,71,-776,400
0.1,72,-776,400
0.1,73,-776,400
0.1,74,-776,400
0.1,75,-776,400
0.1,76,-776,400
0.1,77,-776,400
0.1,78,-776,400
0.1,79,-776,400
0.1,80,-776,400
0.1,81,-776,400
0.1,82,-776,400
0.1,83,-776,400
0.1,84,-776,400
0.1,85,-776,400
0.1,86,-776,400
0.1,87,-776,400
0.1,88,-776,400
0.1,89,-776,400
0.1,90,-776,400
0.1,91,-776,400
0.1,92,-776,400
0.1,93,-776,400
0.1,94,-776,400
0.1,95,-776,400
0.1,96,-776,400
0.1,97,-776,400
0.1,98,-776,400
0.1,99,-776,400
1,0,48,40
1,1,-192,98
1,2,-292,120
1,3,-400,166
1,4,-452,196
1,5,-508,226
1,6,-536,242
1,7,-556,240
1,8,-564,252
1,9,-596,266
1,10,-608,290
1,11,-620,292
1,12,-624,302
1,13,-624,318
1,14,-636,330
1,15,-640,328
1,16,-648,344
1,17,-644,356
1,18,-648,360
1,19,-656,366
1,20,-664,370
1,21,-664,370
1,22,-660,370
1,23,-664,380
1,24,-676,384
1,25,-676,388
1,26,-684,392
1,27,-696,398
1,28,-704,400
1,29,-704,400
1,30,-704,400
1,31,-704,400
1,32,-704,400
1,33,-704,400
1,34,-704,400
1,35,-704,400
1,36,-704,400
1,37,-704,400
1,38,-704,400
1,39,-696,398
1,40,-696,398
1,41,-704,400
1,42,-704,400
1,43,-704,400
1,44,-696,398
1,45,-704,400
1,46,-704,400
1,47,-696,398
1,48,-704,400
1,49,-704,400
1,50,-696,398
1,51,-696,398
1,52,-696,398
1,53,-704,400
1,54,-704,400
1,55,-704,400
1,56,-704,400
1,57,-704,400
1,58,-704,400
1,59,-704,400
1,60,-704,400
1,61,-704,400
1,62,-704,400
1,63,-696,398
1,64,-696,398
1,65,-704,400
1,66,-704,400
1,67,-704,400
1,68,-704,400
1,69,-704,400
1,70,-704,400
1,71,-704,400
1,72,-704,400
1,73,-704,400
1,74,-704,400
1,75,-704,400
1,76,-704,400
1,77,-704,400
1,78,-704,400
1,79,-704,400
1,80,-704,400
1,81,-704,400
1,82,-704,400
1,83,-704,400
1,84,-696,398
1,85,-696,398
1,86,-704,400
1,87,-704,400
1,88,-704,400
1,89,-704,400
1,90,-696,398
1,91,-704,400
1,92,-704,400
1,93,-704,400
1,94,-704,400
1,95,-704,400
1,96,-704,400
1,97,-704,400
1,98,-704,400
1,99,-704,400
2.5,0,32,0
2.5,1,-164,-28
2.5,2,-236,8
2.5,3,-288,12
2.5,4,-280,54
2.5,5,-296,62
2.5,6,-284,46
2.5,7,-300,64
2.5,8,-336,50
2.5,9,-376,68
2.5,10,-384,90
2.5,11,-364,88
2.5,12,-308,64
2.5,13,-276,90
2.5,14,-340,108
2.5,15,-360,86
2.5,16,-372,124
2.5,17,-348,100
2.5,18,-360,104
2.5,19,-368,86
2.5,20,-360,74
2.5,21,-368,50
2.5,22,-364,60
2.5,23,-336,68
2.5,24,-340,72
2.5,25,-384,88
2.5,26,-380,122
2.5,27,-400,138
2.5,28,-384,146
2.5,29,-380,160
2.5,30,-348,120
2.5,31,-364,140
2.5,32,-376,158
2.5,33,-396,138
2.5,34,-368,138
2.5,35,-408,150
2.5,36,-392,182
2.5,37,-452,194
2.5,38,-384,164
2.5,39,-412,152
2.5,40,-484,172
2.5,41,-424,160
2.5,42,-404,136
2.5,43,-384,138
2.5,44,-372,154
2.5,45,-360,118
2.5,46,-376,134
2.5,47,-384,110
2.5,48,-372,92
2.5,49,-412,70
2.5,50,-332,94
2.5,51,-376,42
2.5,52,-384,12
2.5,53,-340,-30
2.5,54,-384,-32
2.5,55,-384,18
2.5,56,-372,28
2.5,57,-392,52
2.5,58,-400,28
2.5,59,-368,0
2.5,60,-372,8
2.5,61,-344,18
2.5,62,-332,-34
2.5,63,-340,-6
2.5,64,-352,-4
2.5,65,-324,6
2.5,66,-312,-2
2.5,67,-348,-40
2.5,68,-292,-70
2.5,69,-284,-72
2.5,70,-272,-66
2.5,71,-268,-76
2.5,72,-300,-92
2.5,73,-260,-66
2.5,74,-328,-92
2.5,75,-348,-92
2.5,76,-332,-96
2.5,77,-312,-58
2.5,78,-332,-18
2.5,79,-356,-22
2.5,80,-360,0
2.5,81,-380,-30
2.5,82,-396,-54
2.5,83,-368,-92
2.5,84,-360,-68
2.5,85,-412,-66
2.5,86,-368,-46
2.5,87,-372,-68
2.5,88,-300,-74
2.5,89,-332,-70
2.5,90,-368,-44
2.5,91,-400,-114
2.5,92,-324,-98
2.5,93,-324,-116
2.5,94,-308,-126
2.5,95,-316,-132
2.5,96,-360,-138
2.5,97,-364,-170
2.5,98,-384,-212
2.5,99,-360,-190
5,0,-4,-6
5,1,-160,-22
5,2,-220,-20
5,3,-224,4
5,4,-212,46
5,5,-132,36
5,6,-232,-24
5,7,-184,-44
5,8,-200,-50
5,9,-204,-54
5,10,-180,-20
5,11,-200,8
5,12,-124,26
5,13,-208,-44
5,14,-220,-28
5,15,-184,-54
5,16,-180,-16
5,17,-184,-36
5,18,-176,-78
5,19,-172,-32
5,20,-196,-26
5,21,-160,-10
5,22,-228,24
5,23,-176,-6
5,24,-148,-16
5,25,-180,-8
5,26,-172,-18
5,27,-208,-22
5,28,-144,-34
5,29,-176,-68
5,30,-144,-22
5,31,-164,18
5,32,-224,34
5,33,-176,30
5,34,-196,2
5,35,-160,2
5,36,-160,-26
5,37,-180,-44
5,38,-160,-36
5,39,-176,-42
5,40,-216,-68
5,41,-220,-78
5,42,-248,-96
5,43,-204,-82
5,44,-140,-62
5,45,-156,-20
5,46,-192,-36
5,47,-240,-68
5,48,-176,-80
5,49,-208,-18
5,50,-192,-16
5,51,-212,2
5,52,-156,-40
5,53,-132,-68
5,54,-216,0
5,55,-196,38
5,56,-160,26
5,57,-172,74
5,58,-224,40
5,59,-180,92
5,60,-184,62
5,61,-196,54
5,62,-140,6
5,63,-204,-28
5,64,-208,-28
5,65,-204,6
5,66,-148,-2
5,67,-132,-2
5,68,-172,-2
5,69,-184,48
5,70,-204,36
5,71,-160,18
5,72,-112,26
5,73,-152,10
5,74,-200,38
5,75,-188,48
5,76,-148,4
5,77,-220,-48
5,78,-160,-10
5,79,-196,4
5,80,-168,46
5,81,-200,36
5,82,-180,34
5,83,-208,30
5,84,-196,10
5,85,-172,62
5,86,-176,36
5,87,-152,34
5,88,-184,14
5,89,-160,4
5,90,-176,42
5,91,-128,50
5,92,-192,74
5,93,-144,-4
5,94,-120,28
5,95,-196,16
5,96,-172,-10
5,97,-192,-4
5,98,-204,-2
5,99,-180,2
0.1,0,4,20
0.1,1,-252,68
0.1,2,-408,48
0.1,3,-480,32
0.1,4,-524,48
0.1,5,-560,66
0.1,6,-568,52
0.1,7,-576,46
0.1,8,-596,48
0.1,9,-612,60
0.1,10,-632,62
0.1,11,-644,58
0.1,12,-648,64
0.1,13,-656,70
0.1,14,-656,64
0.1,15,-656,70
0.1,16,-656,70
0.1,17,-660,70
0.1,18,-660,66
0.1,19,-660,68
0.1,20,-660,68
0.1,21,-664,72
0.1,22,-664,90
0.1,23,-664,100
0.1,24,-664,106
0.1,25,-664,108
0.1,26,-664,118
0.1,27,-668,128
0.1,28,-668,138
0.1,29,-672,150
0.1,30,-672,148
0.1,31,-672,166
0.1,32,-680,176
0.1,33,-680,190
0.1,34,-688,200
0.1,35,-688,208
0.1,36,-692,224
0.1,37,-692,230
0.1,38,-696,232
0.1,39,-704,254
0.1,40,-708,256
0.1,41,-708,248
0.1,42,-708,250
0.1,43,-708,260
0.1,44,-708,254
0.1,45,-708,262
0.1,46,-712,278
0.1,47,-712,292
0.1,48,-712,296
0.1,49,-712,312
0.1,50,-716,318
0.1,51,-728,328
0.1,52,-732,330
0.1,53,-732,340
0.1,54,-732,344
0.1,55,-732,346
0.1,56,-732,346
0.1,57,-732,340
0.1,58,-736,348
0.1,59,-740,346
0.1,60,-744,352
0.1,61,-744,366
0.1,62,-748,376
0.1,63,-756,380
0.1,64,-760,384
0.1,65,-760,390
0.1,66,-764,392
0.1,67,-772,396
0.1,68,-772,396
0.1,69,-772,396
0.1,70,-776,398
0.1,71,-784,400
0.1,72,-784,400
0.1,73,-784,400
0.1,74,-784,400
0.1,75,-784,400
0.1,76,-784,400
0.1,77,-784,400
0.1,78,-784,400
0.1,79,-784,400
0.1,80,-784,400
0.1,81,-784,400
0.1,82,-784,400
0.1,83,-784,400
0.1,84,-784,400
0.1,85,-784,400
0.1,86,-784,400
0.1,87,-784,400
0.1,88,-784,400
0.1,89,-784,400
0.1,90,-784,400
0.1,91,-784,400
0.1,92,-784,400
0.1,93,-784,400
0.1,94,-784,400
0.1,95,-784,400
0.1,96,-784,400
0.1,97,-784,400
0.1,98,-784,400
0.1,99,-784,400
1,0,-44,-32
1,1,-388,-70
1,2,-540,-94
1,3,-600,-92
1,4,-660,-114
1,5,-680,-118
1,6,-704,-144
1,7,-720,-138
1,8,-724,-150
1,9,-720,-168
1,10,-724,-190
1,11,-728,-228
1,12,-732,-224
1,13,-740,-208
1,14,-744,-220
1,15,-744,-234
1,16,-744,-258
1,17,-776,-272
1,18,-784,-276
1,19,-788,-284
1,20,-804,-308
1,21,-812,-316
1,22,-816,-336
1,23,-828,-342
1,24,-844,-356
1,25,-848,-362
1,26,-852,-370
1,27,-856,-382
1,28,-860,-384
1,29,-860,-382
1,30,-860,-384
1,31,-864,-394
1,32,-872,-394
1,33,-880,-398
1,34,-888,-400
1,35,-880,-398
1,36,-888,-400
1,37,-888,-400
1,38,-868,-394
1,39,-880,-398
1,40,-888,-400
1,41,-888,-400
1,42,-888,-400
1,43,-888,-400
1,44,-888,-400
1,45,-888,-400
1,46,-888,-400
1,47,-888,-400
1,48,-888,-400
1,49,-888,-400
1,50,-888,-400
1,51,-888,-400
1,52,-888,-400
1,53,-888,-400
1,54,-888,-400
1,55,-888,-400
1,56,-888,-400
1,57,-888,-400
1,58,-888,-400
1,59,-888,-400
1,60,-888,-400
1,61,-888,-400
1,62,-888,-400
1,63,-888,-400
1,64,-872,-396
1,65,-888,-400
1,66,-872,-396
1,67,-880,-398
1,68,-888,-400
1,69,-888,-400
1,70,-888,-400
1,71,-888,-400
1,72,-888,-400
1,73,-888,-400
1,74,-888,-400
1,75,-888,-400
1,76,-888,-400
1,77,-888,-400
1,78,-888,-400
1,79,-888,-400
1,80,-888,-400
1,81,-888,-400
1,82,-888,-400
1,83,-888,-400
1,84,-888,-400
1,85,-888,-400
1,86,-888,-400
1,87,-888,-400
1,88,-888,-400
1,89,-888,-400
1,90,-888,-400
1,91,-888,-400
1,92,-888,-400
1,93,-888,-400
1,94,-888,-400
1,95,-888,-400
1,96,-888,-400
1,97,-888,-400
1,98,-888,-400
1,99,-888,-400
2.5,0,0,12
2.5,1,-256,-36
2.5,2,-300,-38
2.5,3,-324,-40
2.5,4,-384,-56
2.5,5,-420,-34
2.5,6,-384,-18
2.5,7,-400,-22
2.5,8,-388,18
2.5,9,-392,22
2.5,10,-356,36
2.5,11,-400,6
2.5,12,-448,40
2.5,13,-448,58
2.5,14,-384,48
2.5,15,-420,60
2.5,16,-424,66
2.5,17,-468,58
2.5,18,-388,44
2.5,19,-392,74
2.5,20,-408,54
2.5,21,-376,64
2.5,22,-368,68
2.5,23,-384,80
2.5,24,-412,94
2.5,25,-456,102
2.5,26,-456,100
2.5,27,-452,116
2.5,28,-452,118
2.5,29,-420,106
2.5,30,-432,52
2.5,31,-416,72
2.5,32,-452,96
2.5,33,-428,100
2.5,34,-420,78
2.5,35,-396,72
2.5,36,-392,40
2.5,37,-424,38
2.5,38,-392,20
2.5,39,-360,42
2.5,40,-408,92
2.5,41,-452,112
2.5,42,-376,116
2.5,43,-396,116
2.5,44,-360,110
2.5,45,-396,130
2.5,46,-348,124
2.5,47,-416,132
2.5,48,-400,140
2.5,49,-448,160
2.5,50,-472,156
2.5,51,-420,166
2.5,52,-432,132
2.5,53,-452,124
2.5,54,-392,120
2.5,55,-424,100
2.5,56,-372,124
2.5,57,-372,134
2.5,58,-444,164
2.5,59,-440,168
2.5,60,-448,186
2.5,61,-420,194
2.5,62,-456,188
2.5,63,-492,218
2.5,64,-512,226
2.5,65,-536,220
2.5,66,-472,180
2.5,67,-452,134
2.5,68,-468,140
2.5,69,-440,112
2.5,70,-428,98
2.5,71,-412,106
2.5,72,-460,132
2.5,73,-456,112
2.5,74,-484,86
2.5,75,-444,122
2.5,76,-452,152
2.5,77,-392,128
2.5,78,-432,192
2.5,79,-444,196
2.5,80,-504,218
2.5,81,-496,252
2.5,82,-504,250
2.5,83,-516,244
2.5,84,-532,248
2.5,85,-564,276
2.5,86,-592,306
2.5,87,-588,316
2.5,88,-544,286
2.5,89,-588,308
2.5,90,-492,272
2.5,91,-548,284
2.5,92,-516,276
2.5,93,-460,248
2.5,94,-452,246
2.5,95,-464,256
2.5,96,-444,248
2.5,97,-488,278
2.5,98,-540,290
2.5,99,-484,260
5,0,-16,-40
5,1,-136,-48
5,2,-212,-84
5,3,-200,-48
5,4,-228,-82
5,5,-196,-32
5,6,-196,-28
5,7,-164,-18
5,8,-176,-30
5,9,-140,-54
5,10,-172,-42
5,11,-188,-32
5,12,-216,-22
5,13,-260,-78
5,14,-248,-40
5,15,-196,-34
5,16,-192,32
5,17,-204,30
5,18,-132,20
5,19,-216,-28
5,20,-156,-18
5,21,-172,8
5,22,-160,4
5,23,-216,-26
5,24,-212,-18
5,25,-180,-32
5,26,-192,-32
5,27,-200,-20
5,28,-232,-2
5,29,-148,-10
5,30,-192,-2
5,31,-220,28
5,32,-264,24
5,33,-212,-16
5,34,-200,-26
5,35,-184,-14
5,36,-180,36
5,37,-196,10
5,38,-208,26
5,39,-248,-40
5,40,-180,-50
5,41,-216,-38
5,42,-156,-48
5,43,-148,-6
5,44,-180,18
5,45,-160,32
5,46,-220,-6
5,47,-204,-60
5,48,-164,-46
5,49,-148,-16
5,50,-184,-14
5,51,-144,16
5,52,-204,36
5,53,-228,8
5,54,-224,18
5,55,-228,14
5,56,-200,50
5,57,-152,16
5,58,-152,36
5,59,-164,18
5,60,-124,20
5,61,-128,16
5,62,-184,-4
5,63,-180,28
5,64,-140,30
5,65,-144,24
5,66,-132,12
5,67,-160,-18
5,68,-176,-30
5,69,-200,2
5,70,-168,-22
5,71,-160,-56
5,72,-196,-92
5,73,-156,-60
5,74,-140,-20
5,75,-168,10
5,76,-168,26
5,77,-196,6
5,78,-216,-2
5,79,-248,0
5,80,-200,-16
5,81,-224,-30
5,82,-192,-2
5,83,-184,30
5,84,-220,48
5,85,-204,58
5,86,-232,110
5,87,-224,38
5,88,-220,58
5,89,-212,24
5,90,-192,-28
5,91,-208,26
5,92,-160,38
5,93,-208,16
5,94,-196,-14
5,95,-200,-6
5,96,-184,-12
5,97,-140,-22
5,98,-212,26
5,99,-204,10
0.1,0,44,-8
0.1,1,-208,14
0.1,2,-352,30
0.1,3,-420,22
0.1,4,-456,26
0.1,5,-472,42
0.1,6,-496,26
0.1,7,-520,40
0.1,8,-532,28
0.1,9,-544,44
0.1,10,-552,64
0.1,11,-556,74
0.1,12,-556,56
0.1,13,-564,76
0.1,14,-568,92
0.1,15,-568,88
0.1,16,-572,90
0.1,17,-576,96
0.1,18,-576,96
0.1,19,-580,100
0.1,20,-584,98
0.1,21,-584,98
0.1,22,-584,106
0.1,23,-584,104
0.1,24,-584,102
0.1,25,-584,124
0.1,26,-588,128
0.1,27,-588,124
0.1,28,-588,142
0.1,29,-588,158
0.1,30,-592,168
0.1,31,-592,172
0.1,32,-592,178
0.1,33,-592,178
0.1,34,-592,168
0.1,35,-592,154
0.1,36,-600,168
0.1,37,-600,158
0.1,38,-600,164
0.1,39,-600,156
0.1,40,-600,156
0.1,41,-600,162
0.1,42,-600,174
0.1,43,-600,180
0.1,44,-600,186
0.1,45,-604,190
0.1,46,-604,198
0.1,47,-604,202
0.1,48,-604,220
0.1,49,-604,224
0.1,50,-616,252
0.1,51,-624,246
0.1,52,-628,268
0.1,53,-628,282
0.1,54,-636,300
0.1,55,-644,312
0.1,56,-648,320
0.1,57,-648,320
0.1,58,-652,316
0.1,59,-652,326
0.1,60,-652,332
0.1,61,-652,330
0.1,62,-652,332
0.1,63,-656,346
0.1,64,-660,350
0.1,65,-664,348
0.1,66,-664,344
0.1,67,-672,352
0.1,68,-672,354
0.1,69,-676,362
0.1,70,-676,378
0.1,71,-684,382
0.1,72,-684,384
0.1,73,-684,386
0.1,74,-692,390
0.1,75,-700,396
0.1,76,-704,398
0.1,77,-704,398
0.1,78,-712,400
0.1,79,-712,400
0.1,80,-712,400
0.1,81,-712,400
0.1,82,-712,400
0.1,83,-712,400
0.1,84,-712,400
0.1,85,-712,400
0.1,86,-712,400
0.1,87,-712,400
0.1,88,-712,400
0.1,89,-712,400
0.1,90,-712,400
0.1,91,-712,400
0.1,92,-712,400
0.1,93,-712,400
0.1,94,-712,400
0.1,95,-712,400
0.1,96,-712,400
0.1,97,-712,400
0.1,98,-712,400
0.1,99,-712,400
1,0,-32,34
1,1,-324,18
1,2,-444,38
1,3,-540,54
1,4,-564,74
1,5,-588,84
1,6,-596,94
1,7,-636,122
1,8,-652,108
1,9,-668,124
1,10,-680,126
1,11,-676,140
1,12,-692,148
1,13,-700,182
1,14,-716,176
1,15,-716,180
1,16,-716,186
1,17,-728,170
1,18,-728,172
1,19,-724,184
1,20,-716,180
1,21,-720,184
1,22,-736,194
1,23,-748,198
1,24,-748,210
1,25,-752,216
1,26,-740,222
1,27,-736,234
1,28,-756,248
1,29,-760,246
1,30,-760,260
1,31,-752,254
1,32,-748,240
1,33,-756,252
1,34,-756,248
1,35,-752,244
1,36,-760,260
1,37,-760,262
1,38,-756,250
1,39,-752,248
1,40,-756,242
1,41,-768,262
1,42,-764,264
1,43,-768,270
1,44,-768,270
1,45,-764,282
1,46,-768,270
1,47,-768,280
1,48,-776,298
1,49,-776,310
1,50,-780,304
1,51,-780,314
1,52,-784,308
1,53,-780,322
1,54,-792,316
1,55,-784,306
1,56,-784,306
1,57,-784,308
1,58,-792,314
1,59,-788,306
1,60,-792,306
1,61,-796,316
1,62,-800,326
1,63,-796,334
1,64,-804,334
1,65,-812,342
1,66,-812,340
1,67,-800,342
1,68,-808,338
1,69,-816,346
1,70,-816,354
1,71,-816,358
1,72,-820,364
1,73,-824,368
1,74,-820,368
1,75,-820,358
1,76,-820,366
1,77,-820,366
1,78,-824,380
1,79,-824,382
1,80,-832,388
1,81,-844,394
1,82,-852,396
1,83,-856,398
1,84,-848,396
1,85,-856,398
1,86,-856,398
1,87,-864,400
1,88,-864,400
1,89,-864,400
1,90,-864,400
1,91,-864,400
1,92,-864,400
1,93,-864,400
1,94,-864,400
1,95,-864,400
1,96,-864,400
1,97,-864,400
1,98,-864,400
1,99,-864,400
2.5,0,-12,-4
2.5,1,-208,-32
2.5,2,-324,-40
2.5,3,-324,-48
2.5,4,-332,-8
2.5,5,-344,-54
2.5,6,-332,-82
2.5,7,-376,-64
2.5,8,-412,-92
2.5,9,-420,-82
2.5,10,-444,-98
2.5,11,-436,-88
2.5,12,-408,-44
2.5,13,-416,-38
2.5,14,-452,-76
2.5,15,-472,-54
2.5,16,-452,-64
2.5,17,-460,-48
2.5,18,-488,-68
2.5,19,-496,-72
2.5,20,-512,-54
2.5,21,-492,-78
2.5,22,-484,-88
2.5,23,-516,-112
2.5,24,-516,-138
2.5,25,-476,-128
2.5,26,-492,-124
2.5,27,-476,-132
2.5,28,-524,-134
2.5,29,-500,-148
2.5,30,-512,-188
2.5,31,-512,-168
2.5,32,-492,-172
2.5,33,-452,-164
2.5,34,-480,-148
2.5,35,-532,-146
2.5,36,-512,-122
2.5,37,-468,-112
2.5,38,-444,-130
2.5,39,-456,-138
2.5,40,-476,-176
2.5,41,-524,-148
2.5,42,-532,-146
2.5,43,-512,-124
2.5,44,-536,-122
2.5,45,-488,-70
2.5,46,-472,-102
2.5,47,-444,-74
2.5,48,-392,-60
2.5,49,-420,-58
2.5,50,-428,-54
2.5,51,-476,-62
2.5,52,-376,-32
2.5,53,-436,-34
2.5,54,-420,-28
2.5,55,-452,-56
2.5,56,-444,-72
2.5,57,-500,-116
2.5,58,-496,-126
2.5,59,-452,-140
2.5,60,-460,-136
2.5,61,-476,-156
2.5,62,-468,-158
2.5,63,-472,-148
2.5,64,-436,-150
2.5,65,-456,-168
2.5,66,-408,-154
2.5,67,-464,-110
2.5,68,-504,-78
2.5,69,-544,-96
2.5,70,-572,-70
2.5,71,-520,-58
2.5,72,-512,-70
2.5,73,-524,-112
2.5,74,-516,-140
2.5,75,-488,-144
2.5,76,-492,-140
2.5,77,-488,-186
2.5,78,-464,-196
2.5,79,-500,-192
2.5,80,-524,-174
2.5,81,-496,-160
2.5,82,-428,-118
2.5,83,-400,-120
2.5,84,-456,-180
2.5,85,-444,-180
2.5,86,-432,-184
2.5,87,-452,-158
2.5,88,-468,-172
2.5,89,-432,-126
2.5,90,-444,-114
2.5,91,-456,-130
2.5,92,-432,-104
2.5,93,-440,-82
2.5,94,-436,-46
2.5,95,-476,-42
2.5,96,-464,-30
2.5,97,-480,-40
2.5,98,-488,-86
2.5,99,-472,-94
5,0,-84,6
5,1,-296,20
5,2,-308,18
5,3,-332,2
5,4,-316,6
5,5,-376,-36
5,6,-340,-36
5,7,-388,-56
5,8,-332,-30
5,9,-332,-64
5,10,-368,-74
5,11,-348,-62
5,12,-320,-70
5,13,-324,16
5,14,-356,-60
5,15,-360,-30
5,16,-344,-44
5,17,-372,-6
5,18,-396,-10
5,19,-348,-2
5,20,-356,34
5,21,-348,20
5,22,-308,38
5,23,-360,30
5,24,-332,-28
5,25,-396,-2
5,26,-372,-26
5,27,-304,-38
5,28,-316,4
5,29,-388,-24
5,30,-340,-54
5,31,-332,-44
5,32,-308,-46
5,33,-336,-42
5,34,-332,-46
5,35,-312,-90
5,36,-312,-80
5,37,-344,-66
5,38,-336,-98
5,39,-380,-78
5,40,-356,-92
5,41,-340,-76
5,42,-316,-36
5,43,-296,-32
5,44,-348,-54
5,45,-276,-34
5,46,-324,-38
5,47,-316,-36
5,48,-360,-26
5,49,-332,44
5,50,-344,56
5,51,-328,30
5,52,-320,-10
5,53,-340,-6
5,54,-396,22
5,55,-392,46
5,56,-352,40
5,57,-308,52
5,58,-308,40
5,59,-308,56
5,60,-324,58
5,61,-248,16
5,62,-312,2
5,63,-296,-28
5,64,-320,26
5,65,-324,36
5,66,-332,52
5,67,-308,4
5,68,-404,-24
5,69,-320,-6
5,70,-380,14
5,71,-392,-14
5,72,-332,-18
5,73,-368,0
5,74,-380,2
5,75,-340,-18
5,76,-312,-20
5,77,-332,-52
5,78,-324,-36
5,79,-352,-38
5,80,-356,-64
5,81,-348,-78
5,82,-368,-62
5,83,-352,-76
5,84,-304,-50
5,85,-384,-96
5,86,-340,-72
5,87,-376,-34
5,88,-368,6
5,89,-332,10
5,90,-276,42
5,91,-400,6
5,92,-380,4
5,93,-308,20
5,94,-324,-10
5,95,-348,22
5,96,-324,42
5,97,-348,30
5,98,-360,-8
5,99,-376,-12
