0.1,0,-80,-8
0.1,1,-2204,-98
0.1,2,-2588,-24
0.1,3,-2724,-52
0.1,4,-2836,16
0.1,5,-2892,-4
0.1,6,-2932,-36
0.1,7,-2968,-88
0.1,8,-2988,-140
0.1,9,-3020,-150
0.1,10,-3048,-94
0.1,11,-3048,-54
0.1,12,-3052,-50
0.1,13,-3064,-80
0.1,14,-3072,-48
0.1,15,-3096,-16
0.1,16,-3096,-4
0.1,17,-3104,12
0.1,18,-3104,32
0.1,19,-3108,52
0.1,20,-3112,60
0.1,21,-3116,66
0.1,22,-3116,104
0.1,23,-3116,102
0.1,24,-3120,120
0.1,25,-3120,166
0.1,26,-3120,146
0.1,27,-3124,120
0.1,28,-3136,100
0.1,29,-3140,132
0.1,30,-3140,136
0.1,31,-3144,128
0.1,32,-3144,90
0.1,33,-3148,38
0.1,34,-3148,46
0.1,35,-3148,56
0.1,36,-3148,56
0.1,37,-3148,88
0.1,38,-3152,64
0.1,39,-3152,82
0.1,40,-3152,92
0.1,41,-3156,88
0.1,42,-3156,86
0.1,43,-3156,72
0.1,44,-3156,58
0.1,45,-3160,32
0.1,46,-3164,36
0.1,47,-3164,54
0.1,48,-3164,52
0.1,49,-3164,74
0.1,50,-3164,86
0.1,51,-3164,76
0.1,52,-3164,94
0.1,53,-3164,82
0.1,54,-3168,50
0.1,55,-3168,38
0.1,56,-3168,62
0.1,57,-3172,96
0.1,58,-3176,122
0.1,59,-3176,134
0.1,60,-3180,156
0.1,61,-3180,184
0.1,62,-3180,180
0.1,63,-3184,180
0.1,64,-3184,174
0.1,65,-3184,164
0.1,66,-3184,176
0.1,67,-3184,174
0.1,68,-3184,180
0.1,69,-3184,178
0.1,70,-3184,178
0.1,71,-3184,166
0.1,72,-3184,184
0.1,73,-3184,174
0.1,74,-3184,164
0.1,75,-3184,176
0.1,76,-3184,196
0.1,77,-3184,202
0.1,78,-3184,192
0.1,79,-3184,178
0.1,80,-3184,178
0.1,81,-3184,172
0.1,82,-3184,182
0.1,83,-3184,182
0.1,84,-3184,180
0.1,85,-3184,170
0.1,86,-3184,168
0.1,87,-3184,156
0.1,88,-3184,162
0.1,89,-3184,144
0.1,90,-3188,142
0.1,91,-3188,136
0.1,92,-3188,136
0.1,93,-3188,130
0.1,94,-3188,140
0.1,95,-3188,128
0.1,96,-3188,120
0.1,97,-3188,108
0.1,98,-3188,114
0.1,99,-3188,118
1,0,-64,-20
1,1,-2096,-102
1,2,-2512,-190
1,3,-2640,-266
1,4,-2680,-320
1,5,-2784,-346
1,6,-2856,-496
1,7,-2864,-562
1,8,-2884,-562
1,9,-2912,-560
1,10,-2932,-580
1,11,-2932,-574
1,12,-2964,-632
1,13,-2984,-642
1,14,-3008,-648
1,15,-3004,-664
1,16,-2996,-694
1,17,-3032,-678
1,18,-3048,-692
1,19,-3048,-714
1,20,-3044,-762
1,21,-3060,-764
1,22,-3068,-812
1,23,-3040,-846
1,24,-3056,-874
1,25,-3076,-860
1,26,-3088,-894
1,27,-3088,-954
1,28,-3112,-918
1,29,-3124,-960
1,30,-3140,-1004
1,31,-3136,-1070
1,32,-3140,-1084
1,33,-3144,-1098
1,34,-3148,-1134
1,35,-3140,-1134
1,36,-3140,-1144
1,37,-3168,-1166
1,38,-3172,-1156
1,39,-3168,-1224
1,40,-3160,-1234
1,41,-3184,-1268
1,42,-3184,-1296
1,43,-3192,-1298
1,44,-3204,-1352
1,45,-3204,-1364
1,46,-3212,-1416
1,47,-3224,-1418
1,48,-3224,-1448
1,49,-3228,-1450
1,50,-3244,-1490
1,51,-3240,-1514
1,52,-3260,-1540
1,53,-3260,-1548
1,54,-3268,-1568
1,55,-3296,-1588
1,56,-3320,-1600
1,57,-3312,-1598
1,58,-3320,-1600
1,59,-3312,-1598
1,60,-3320,-1600
1,61,-3320,-1600
1,62,-3320,-1600
1,63,-3320,-1600
1,64,-3312,-1598
1,65,-3320,-1600
1,66,-3320,-1600
1,67,-3312,-1598
1,68,-3320,-1600
1,69,-3304,-1596
1,70,-3312,-1598
1,71,-3320,-1600
1,72,-3312,-1598
1,73,-3304,-1596
1,74,-3296,-1594
1,75,-3304,-1596
1,76,-3320,-1600
1,77,-3320,-1600
1,78,-3320,-1600
1,79,-3312,-1598
1,80,-3296,-1594
1,81,-3320,-1600
1,82,-3312,-1598
1,83,-3304,-1596
1,84,-3320,-1600
1,85,-3312,-1598
1,86,-3304,-1596
1,87,-3320,-1600
1,88,-3320,-1600
1,89,-3320,-1600
1,90,-3320,-1600
1,91,-3320,-1600
1,92,-3312,-1598
1,93,-3304,-1596
1,94,-3320,-1600
1,95,-3320,-1600
1,96,-3288,-1592
1,97,-3312,-1598
1,98,-3320,-1600
1,99,-3312,-1598
2.5,0,60,28
2.5,1,-1428,26
2.5,2,-1460,-116
2.5,3,-1420,-170
2.5,4,-1476,-132
2.5,5,-1600,-166
2.5,6,-1412,-200
2.5,7,-1688,-178
2.5,8,-1620,-248
2.5,9,-1668,-306
2.5,10,-1644,-266
2.5,11,-1620,-258
2.5,12,-1656,-208
2.5,13,-1716,-274
2.5,14,-1656,-216
2.5,15,-1696,-282
2.5,16,-1748,-222
2.5,17,-1556,-212
2.5,18,-1592,-224
2.5,19,-1484,2
2.5,20,-1504,138
2.5,21,-1588,64
2.5,22,-1660,40
2.5,23,-1620,54
2.5,24,-1612,70
2.5,25,-1520,18
2.5,26,-1664,26
2.5,27,-1784,56
2.5,28,-1784,162
2.5,29,-1748,-38
2.5,30,-1696,78
2.5,31,-1724,254
2.5,32,-1692,106
2.5,33,-1804,132
2.5,34,-1692,54
2.5,35,-1772,24
2.5,36,-1668,4
2.5,37,-1572,-54
2.5,38,-1512,-156
2.5,39,-1552,-250
2.5,40,-1660,-160
2.5,41,-1692,-104
2.5,42,-1564,-228
2.5,43,-1632,-54
2.5,44,-1528,-174
2.5,45,-1632,-48
2.5,46,-1728,-122
2.5,47,-1660,-146
2.5,48,-1668,-2
2.5,49,-1600,-44
2.5,50,-1652,-216
2.5,51,-1624,-150
2.5,52,-1524,-104
2.5,53,-1604,-104
2.5,54,-1580,-42
2.5,55,-1536,-40
2.5,56,-1496,-38
2.5,57,-1464,-210
2.5,58,-1380,-204
2.5,59,-1468,-200
2.5,60,-1536,-226
2.5,61,-1364,-100
2.5,62,-1408,-44
2.5,63,-1488,44
2.5,64,-1600,96
2.5,65,-1440,32
2.5,66,-1448,-16
2.5,67,-1504,24
2.5,68,-1588,-52
2.5,69,-1760,32
2.5,70,-1552,-36
2.5,71,-1724,0
2.5,72,-1636,-30
2.5,73,-1572,-16
2.5,74,-1596,28
2.5,75,-1648,134
2.5,76,-1756,-38
2.5,77,-1696,-102
2.5,78,-1728,-82
2.5,79,-1832,-72
2.5,80,-1840,-6
2.5,81,-1768,-34
2.5,82,-1644,-30
2.5,83,-1516,-138
2.5,84,-1516,-184
2.5,85,-1504,-104
2.5,86,-1616,-150
2.5,87,-1824,-134
2.5,88,-1548,-162
2.5,89,-1688,-266
2.5,90,-1612,-124
2.5,91,-1628,-210
2.5,92,-1496,-266
2.5,93,-1692,-212
2.5,94,-1696,-288
2.5,95,-1628,-428
2.5,96,-1616,-416
2.5,97,-1620,-426
2.5,98,-1668,-390
2.5,99,-1504,-416
5,0,56,-22
5,1,-688,52
5,2,-604,138
5,3,-612,0
5,4,-552,-30
5,5,-672,-116
5,6,-480,-56
5,7,-588,54
5,8,-596,30
5,9,-556,100
5,10,-540,74
5,11,-660,56
5,12,-544,-16
5,13,-604,42
5,14,-600,36
5,15,-596,46
5,16,-552,-8
5,17,-596,42
5,18,-548,-94
5,19,-560,-2
5,20,-672,-64
5,21,-576,-12
5,22,-544,-18
5,23,-612,82
5,24,-628,52
5,25,-640,66
5,26,-564,54
5,27,-436,-44
5,28,-504,-60
5,29,-608,-42
5,30,-524,74
5,31,-548,20
5,32,-684,36
5,33,-476,-32
5,34,-620,34
5,35,-584,-38
5,36,-612,-100
5,37,-528,-28
5,38,-484,50
5,39,-688,-64
5,40,-632,-20
5,41,-632,-18
5,42,-504,-22
5,43,-536,78
5,44,-584,108
5,45,-408,82
5,46,-484,156
5,47,-568,90
5,48,-568,22
5,49,-576,38
5,50,-600,0
5,51,-524,-76
5,52,-696,130
5,53,-592,60
5,54,-664,124
5,55,-560,18
5,56,-524,54
5,57,-624,18
5,58,-564,10
5,59,-560,-62
5,60,-612,-34
5,61,-648,38
5,62,-496,12
5,63,-448,18
5,64,-512,12
5,65,-700,2
5,66,-576,14
5,67,-488,56
5,68,-672,176
5,69,-676,36
5,70,-476,-10
5,71,-492,-108
5,72,-504,60
5,73,-564,30
5,74,-560,64
5,75,-660,44
5,76,-484,46
5,77,-576,48
5,78,-592,-2
5,79,-488,56
5,80,-564,-34
5,81,-544,-68
5,82,-384,32
5,83,-536,82
5,84,-560,-106
5,85,-688,-108
5,86,-540,-22
5,87,-468,-40
5,88,-576,26
5,89,-484,84
5,90,-532,88
5,91,-620,76
5,92,-484,-66
5,93,-476,-116
5,94,-476,74
5,95,-568,-50
5,96,-508,14
5,97,-512,-22
5,98,-588,50
5,99,-524,-48
0.1,0,-4,10
0.1,1,-1976,-24
0.1,2,-2352,8
0.1,3,-2472,64
0.1,4,-2608,128
0.1,5,-2652,110
0.1,6,-2708,86
0.1,7,-2736,68
0.1,8,-2752,140
0.1,9,-2768,170
0.1,10,-2788,190
0.1,11,-2804,124
0.1,12,-2812,178
0.1,13,-2844,182
0.1,14,-2872,212
0.1,15,-2880,206
0.1,16,-2900,182
0.1,17,-2904,164
0.1,18,-2916,156
0.1,19,-2924,144
0.1,20,-2932,150
0.1,21,-2932,140
0.1,22,-2944,144
0.1,23,-2956,150
0.1,24,-2960,144
0.1,25,-2960,178
0.1,26,-2964,198
0.1,27,-2964,214
0.1,28,-2964,220
0.1,29,-2968,212
0.1,30,-2968,240
0.1,31,-2968,224
0.1,32,-2984,240
0.1,33,-2988,218
0.1,34,-2992,268
0.1,35,-2992,274
0.1,36,-2996,268
0.1,37,-3000,242
0.1,38,-3004,252
0.1,39,-3004,254
0.1,40,-3008,256
0.1,41,-3008,264
0.1,42,-3008,288
0.1,43,-3008,302
0.1,44,-3008,274
0.1,45,-3008,266
0.1,46,-3012,238
0.1,47,-3012,266
0.1,48,-3016,276
0.1,49,-3016,268
0.1,50,-3016,302
0.1,51,-3016,272
0.1,52,-3016,292
0.1,53,-3016,306
0.1,54,-3024,296
0.1,55,-3028,316
0.1,56,-3032,328
0.1,57,-3032,332
0.1,58,-3032,350
0.1,59,-3032,346
0.1,60,-3032,344
0.1,61,-3032,346
0.1,62,-3032,340
0.1,63,-3032,318
0.1,64,-3032,324
0.1,65,-3032,338
0.1,66,-3032,342
0.1,67,-3032,370
0.1,68,-3032,374
0.1,69,-3032,368
0.1,70,-3032,382
0.1,71,-3032,382
0.1,72,-3036,380
0.1,73,-3036,364
0.1,74,-3036,364
0.1,75,-3036,360
0.1,76,-3036,346
0.1,77,-3040,324
0.1,78,-3040,338
0.1,79,-3040,338
0.1,80,-3040,338
0.1,81,-3040,346
0.1,82,-3040,344
0.1,83,-3040,324
0.1,84,-3040,328
0.1,85,-3040,332
0.1,86,-3040,330
0.1,87,-3040,342
0.1,88,-3040,320
0.1,89,-3040,324
0.1,90,-3040,314
0.1,91,-3040,308
0.1,92,-3040,306
0.1,93,-3040,302
0.1,94,-3040,286
0.1,95,-3040,272
0.1,96,-3040,270
0.1,97,-3040,264
0.1,98,-3040,272
0.1,99,-3044,252
1,0,8,-14
1,1,-1976,-70
1,2,-2376,-130
1,3,-2536,-128
1,4,-2624,-114
1,5,-2680,-134
1,6,-2748,-120
1,7,-2748,-124
1,8,-2816,-152
1,9,-2836,-190
1,10,-2824,-168
1,11,-2844,-228
1,12,-2848,-282
1,13,-2868,-308
1,14,-2856,-328
1,15,-2852,-314
1,16,-2876,-292
1,17,-2888,-310
1,18,-2880,-346
1,19,-2880,-392
1,20,-2888,-438
1,21,-2876,-460
1,22,-2900,-480
1,23,-2884,-498
1,24,-2904,-494
1,25,-2892,-494
1,26,-2896,-518
1,27,-2900,-556
1,28,-2916,-632
1,29,-2920,-672
1,30,-2928,-728
1,31,-2948,-730
1,32,-2952,-744
1,33,-2944,-794
1,34,-2960,-782
1,35,-2948,-812
1,36,-2964,-802
1,37,-2968,-812
1,38,-2972,-836
1,39,-2968,-836
1,40,-2980,-846
1,41,-2952,-836
1,42,-2964,-798
1,43,-2960,-828
1,44,-2980,-812
1,45,-2984,-788
1,46,-2980,-834
1,47,-2992,-848
1,48,-2992,-848
1,49,-2976,-858
1,50,-3008,-920
1,51,-2996,-934
1,52,-3004,-992
1,53,-3016,-1002
1,54,-2996,-1014
1,55,-3020,-1032
1,56,-3024,-1054
1,57,-3028,-1058
1,58,-3024,-1060
1,59,-3024,-1054
1,60,-3032,-1112
1,61,-3020,-1070
1,62,-3020,-1098
1,63,-3020,-1118
1,64,-3032,-1132
1,65,-3036,-1136
1,66,-3040,-1170
1,67,-3044,-1222
1,68,-3056,-1220
1,69,-3052,-1218
1,70,-3032,-1230
1,71,-3048,-1244
1,72,-3052,-1272
1,73,-3036,-1280
1,74,-3060,-1294
1,75,-3060,-1330
1,76,-3076,-1338
1,77,-3084,-1374
1,78,-3080,-1392
1,79,-3080,-1406
1,80,-3088,-1410
1,81,-3100,-1442
1,82,-3104,-1456
1,83,-3112,-1476
1,84,-3108,-1510
1,85,-3112,-1552
1,86,-3140,-1562
1,87,-3152,-1592
1,88,-3176,-1598
1,89,-3184,-1600
1,90,-3184,-1600
1,91,-3176,-1598
1,92,-3184,-1600
1,93,-3176,-1598
1,94,-3176,-1598
1,95,-3184,-1600
1,96,-3184,-1600
1,97,-3184,-1600
1,98,-3184,-1600
1,99,-3168,-1596
2.5,0,92,70
2.5,1,-1204,42
2.5,2,-1412,104
2.5,3,-1392,28
2.5,4,-1564,50
2.5,5,-1468,122
2.5,6,-1512,194
2.5,7,-1380,104
2.5,8,-1508,22
2.5,9,-1596,-12
2.5,10,-1592,40
2.5,11,-1560,10
2.5,12,-1564,8
2.5,13,-1528,32
2.5,14,-1404,56
2.5,15,-1572,34
2.5,16,-1784,22
2.5,17,-1520,14
2.5,18,-1556,22
2.5,19,-1440,-66
2.5,20,-1592,-26
2.5,21,-1592,70
2.5,22,-1536,-32
2.5,23,-1556,-118
2.5,24,-1528,-132
2.5,25,-1556,38
2.5,26,-1548,44
2.5,27,-1620,12
2.5,28,-1704,-14
2.5,29,-1684,14
2.5,30,-1584,30
2.5,31,-1696,-66
2.5,32,-1568,20
2.5,33,-1688,26
2.5,34,-1656,118
2.5,35,-1636,66
2.5,36,-1500,54
2.5,37,-1760,18
2.5,38,-1764,-10
2.5,39,-1492,-14
2.5,40,-1560,-102
2.5,41,-1556,-98
2.5,42,-1680,46
2.5,43,-1632,-22
2.5,44,-1464,108
2.5,45,-1556,104
2.5,46,-1428,74
2.5,47,-1532,136
2.5,48,-1488,206
2.5,49,-1476,208
2.5,50,-1536,188
2.5,51,-1632,220
2.5,52,-1480,226
2.5,53,-1556,206
2.5,54,-1660,102
2.5,55,-1552,152
2.5,56,-1632,56
2.5,57,-1508,56
2.5,58,-1512,14
2.5,59,-1556,-26
2.5,60,-1520,90
2.5,61,-1640,84
2.5,62,-1656,132
2.5,63,-1612,190
2.5,64,-1484,20
2.5,65,-1564,-82
2.5,66,-1628,-60
2.5,67,-1552,-68
2.5,68,-1396,-92
2.5,69,-1516,-232
2.5,70,-1500,-248
2.5,71,-1384,-206
2.5,72,-1632,-230
2.5,73,-1592,-202
2.5,74,-1528,-262
2.5,75,-1648,-138
2.5,76,-1648,-230
2.5,77,-1520,-206
2.5,78,-1516,-242
2.5,79,-1612,-250
2.5,80,-1600,-314
2.5,81,-1628,-328
2.5,82,-1732,-370
2.5,83,-1680,-436
2.5,84,-1696,-500
2.5,85,-1672,-420
2.5,86,-1700,-350
2.5,87,-1668,-366
2.5,88,-1588,-344
2.5,89,-1540,-210
2.5,90,-1532,-146
2.5,91,-1524,-236
2.5,92,-1576,-304
2.5,93,-1568,-378
2.5,94,-1588,-410
2.5,95,-1692,-364
2.5,96,-1472,-206
2.5,97,-1660,-392
2.5,98,-1604,-338
2.5,99,-1600,-406
5,0,-68,10
5,1,-700,-18
5,2,-712,48
5,3,-788,-40
5,4,-844,-94
5,5,-876,-84
5,6,-748,-104
5,7,-792,-18
5,8,-692,24
5,9,-908,-34
5,10,-852,-102
5,11,-724,38
5,12,-744,116
5,13,-768,34
5,14,-860,14
5,15,-800,-8
5,16,-836,34
5,17,-812,52
5,18,-792,64
5,19,-748,44
5,20,-892,166
5,21,-812,174
5,22,-824,26
5,23,-824,0
5,24,-732,-148
5,25,-740,-76
5,26,-820,20
5,27,-752,20
5,28,-812,-8
5,29,-776,-164
5,30,-892,-184
5,31,-832,62
5,32,-768,48
5,33,-836,-16
5,34,-892,42
5,35,-812,76
5,36,-728,-22
5,37,-780,114
5,38,-868,124
5,39,-868,40
5,40,-892,116
5,41,-864,34
5,42,-780,44
5,43,-780,-24
5,44,-816,-68
5,45,-684,-10
5,46,-840,-64
5,47,-840,-88
5,48,-808,26
5,49,-888,-158
5,50,-836,-66
5,51,-760,76
5,52,-888,-8
5,53,-752,-12
5,54,-936,-4
5,55,-784,78
5,56,-856,-66
5,57,-828,-38
5,58,-820,30
5,59,-812,4
5,60,-880,-104
5,61,-872,-96
5,62,-788,102
5,63,-840,46
5,64,-828,14
5,65,-820,30
5,66,-864,34
5,67,-856,36
5,68,-732,46
5,69,-784,166
5,70,-796,106
5,71,-824,4
5,72,-756,22
5,73,-848,84
5,74,-840,-84
5,75,-812,0
5,76,-772,-60
5,77,-796,16
5,78,-708,6
5,79,-820,-90
5,80,-876,-94
5,81,-848,-20
5,82,-888,2
5,83,-844,118
5,84,-816,44
5,85,-752,26
5,86,-836,-46
5,87,-880,-86
5,88,-868,-20
5,89,-928,-106
5,90,-800,4
5,91,-844,84
5,92,-808,148
5,93,-812,-56
5,94,-860,-120
5,95,-768,44
5,96,-780,32
5,97,-884,-88
5,98,-956,22
5,99,-852,44
0.1,0,52,20
0.1,1,-1904,178
0.1,2,-2300,306
0.1,3,-2460,360
0.1,4,-2568,482
0.1,5,-2656,588
0.1,6,-2720,586
0.1,7,-2736,586
0.1,8,-2736,634
0.1,9,-2768,652
0.1,10,-2784,706
0.1,11,-2792,718
0.1,12,-2804,746
0.1,13,-2808,782
0.1,14,-2824,834
0.1,15,-2836,900
0.1,16,-2852,928
0.1,17,-2860,1004
0.1,18,-2868,1064
0.1,19,-2884,1108
0.1,20,-2904,1178
0.1,21,-2908,1216
0.1,22,-2932,1308
0.1,23,-2944,1320
0.1,24,-2952,1326
0.1,25,-2984,1394
0.1,26,-3016,1456
0.1,27,-3028,1486
0.1,28,-3036,1490
0.1,29,-3040,1510
0.1,30,-3040,1530
0.1,31,-3056,1570
0.1,32,-3076,1594
0.1,33,-3096,1600
0.1,34,-3096,1600
0.1,35,-3096,1600
0.1,36,-3096,1600
0.1,37,-3096,1600
0.1,38,-3096,1600
0.1,39,-3096,1600
0.1,40,-3096,1600
0.1,41,-3096,1600
0.1,42,-3096,1600
0.1,43,-3096,1600
0.1,44,-3096,1600
0.1,45,-3096,1600
0.1,46,-3096,1600
0.1,47,-3096,1600
0.1,48,-3096,1600
0.1,49,-3096,1600
0.1,50,-3096,1600
0.1,51,-3096,1600
0.1,52,-3096,1600
0.1,53,-3096,1600
0.1,54,-3096,1600
0.1,55,-3096,1600
0.1,56,-3096,1600
0.1,57,-3096,1600
0.1,58,-3096,1600
0.1,59,-3096,1600
0.1,60,-3096,1600
0.1,61,-3096,1600
0.1,62,-3096,1600
0.1,63,-3096,1600
0.1,64,-3096,1600
0.1,65,-3096,1600
0.1,66,-3096,1600
0.1,67,-3096,1600
0.1,68,-3096,1600
0.1,69,-3096,1600
0.1,70,-3096,1600
0.1,71,-3096,1600
0.1,72,-3096,1600
0.1,73,-3096,1600
0.1,74,-3096,1600
0.1,75,-3096,1600
0.1,76,-3096,1600
0.1,77,-3096,1600
0.1,78,-3096,1600
0.1,79,-3096,1600
0.1,80,-3096,1600
0.1,81,-3096,1600
0.1,82,-3096,1600
0.1,83,-3096,1600
0.1,84,-3096,1600
0.1,85,-3096,1600
0.1,86,-3096,1600
0.1,87,-3096,1600
0.1,88,-3096,1600
0.1,89,-3096,1600
0.1,90,-3096,1600
0.1,91,-3096,1600
0.1,92,-3096,1600
0.1,93,-3096,1600
0.1,94,-3096,1600
0.1,95,-3096,1600
0.1,96,-3096,1600
0.1,97,-3096,1600
0.1,98,-3096,1600
0.1,99,-3096,1600
1,0,-12,-56
1,1,-2056,60
1,2,-2332,-32
1,3,-2476,76
1,4,-2544,0
1,5,-2664,-22
1,6,-2712,16
1,7,-2732,-8
1,8,-2772,-60
1,9,-2760,-104
1,10,-2772,-110
1,11,-2808,-92
1,12,-2836,-124
1,13,-2832,-106
1,14,-2828,-114
1,15,-2860,-168
1,16,-2856,-146
1,17,-2852,-154
1,18,-2860,-180
1,19,-2868,-196
1,20,-2888,-236
1,21,-2884,-328
1,22,-2888,-302
1,23,-2900,-320
1,24,-2888,-296
1,25,-2912,-332
1,26,-2920,-362
1,27,-2928,-350
1,28,-2912,-358
1,29,-2916,-406
1,30,-2924,-422
1,31,-2936,-476
1,32,-2932,-488
1,33,-2924,-522
1,34,-2952,-508
1,35,-2944,-522
1,36,-2944,-498
1,37,-2952,-522
1,38,-2952,-546
1,39,-2972,-554
1,40,-2964,-606
1,41,-2952,-634
1,42,-2972,-630
1,43,-2988,-626
1,44,-2988,-636
1,45,-2996,-640
1,46,-3000,-622
1,47,-3000,-602
1,48,-2996,-572
1,49,-3000,-574
1,50,-2992,-604
1,51,-3000,-678
1,52,-2976,-662
1,53,-2996,-700
1,54,-2988,-710
1,55,-3008,-702
1,56,-3012,-716
1,57,-3016,-694
1,58,-3020,-770
1,59,-3020,-830
1,60,-3028,-864
1,61,-3028,-904
1,62,-3036,-888
1,63,-3036,-914
1,64,-3040,-958
1,65,-3048,-960
1,66,-3040,-978
1,67,-3048,-1006
1,68,-3052,-998
1,69,-3032,-1000
1,70,-3048,-1032
1,71,-3044,-1068
1,72,-3056,-1074
1,73,-3064,-1096
1,74,-3068,-1128
1,75,-3072,-1180
1,76,-3068,-1214
1,77,-3084,-1230
1,78,-3096,-1266
1,79,-3088,-1294
1,80,-3100,-1312
1,81,-3104,-1324
1,82,-3112,-1360
1,83,-3120,-1382
1,84,-3124,-1382
1,85,-3096,-1390
1,86,-3108,-1414
1,87,-3136,-1438
1,88,-3140,-1460
1,89,-3152,-1480
1,90,-3144,-1488
1,91,-3156,-1516
1,92,-3160,-1526
1,93,-3176,-1558
1,94,-3180,-1570
1,95,-3172,-1572
1,96,-3200,-1586
1,97,-3224,-1600
1,98,-3224,-1600
1,99,-3224,-1600
2.5,0,-16,18
2.5,1,-1400,50
2.5,2,-1476,-34
2.5,3,-1552,46
2.5,4,-1696,-154
2.5,5,-1588,-208
2.5,6,-1560,-284
2.5,7,-1816,-358
2.5,8,-1788,-374
2.5,9,-1768,-418
2.5,10,-1716,-418
2.5,11,-1704,-422
2.5,12,-1784,-462
2.5,13,-1880,-532
2.5,14,-1800,-536
2.5,15,-1864,-502
2.5,16,-1780,-444
2.5,17,-1844,-456
2.5,18,-1912,-412
2.5,19,-1868,-426
2.5,20,-1928,-290
2.5,21,-1820,-430
2.5,22,-1748,-334
2.5,23,-1636,-392
2.5,24,-1908,-484
2.5,25,-1856,-428
2.5,26,-1916,-370
2.5,27,-1832,-276
2.5,28,-1800,-312
2.5,29,-1732,-478
2.5,30,-1720,-484
2.5,31,-1724,-416
2.5,32,-1796,-476
2.5,33,-1836,-488
2.5,34,-1744,-346
2.5,35,-1788,-396
2.5,36,-1776,-434
2.5,37,-1832,-410
2.5,38,-1816,-300
2.5,39,-1804,-342
2.5,40,-1704,-238
2.5,41,-1728,-224
2.5,42,-1752,-122
2.5,43,-1672,-142
2.5,44,-1780,-244
2.5,45,-1624,-308
2.5,46,-1812,-256
2.5,47,-1868,-74
2.5,48,-1648,-16
2.5,49,-1784,-110
2.5,50,-1764,-78
2.5,51,-1780,-106
2.5,52,-1668,28
2.5,53,-1492,104
2.5,54,-1832,24
2.5,55,-1644,156
2.5,56,-1784,236
2.5,57,-1720,74
2.5,58,-1824,40
2.5,59,-1852,54
2.5,60,-1756,172
2.5,61,-1716,176
2.5,62,-1776,142
2.5,63,-1832,14
2.5,64,-1780,-62
2.5,65,-1648,32
2.5,66,-1668,114
2.5,67,-1808,120
2.5,68,-1696,120
2.5,69,-1728,280
2.5,70,-1876,370
2.5,71,-1796,350
2.5,72,-1840,364
2.5,73,-1824,302
2.5,74,-1880,256
2.5,75,-1808,238
2.5,76,-1872,332
2.5,77,-1852,350
2.5,78,-1836,302
2.5,79,-1740,340
2.5,80,-1760,346
2.5,81,-1644,228
2.5,82,-1700,110
2.5,83,-1868,120
2.5,84,-1620,114
2.5,85,-1772,96
2.5,86,-1828,90
2.5,87,-1836,12
2.5,88,-1780,-40
2.5,89,-1912,-60
2.5,90,-1756,-68
2.5,91,-1916,-92
2.5,92,-1828,-18
2.5,93,-1800,-96
2.5,94,-1852,-152
2.5,95,-1808,-260
2.5,96,-1760,-354
2.5,97,-1632,-236
2.5,98,-1728,-194
2.5,99,-1844,-278
5,0,-40,-8
5,1,-784,-2
5,2,-724,48
5,3,-784,126
5,4,-772,112
5,5,-832,178
5,6,-684,72
5,7,-684,70
5,8,-644,0
5,9,-764,6
5,10,-772,2
5,11,-780,-24
5,12,-780,8
5,13,-772,-132
5,14,-712,-4
5,15,-688,58
5,16,-784,-22
5,17,-700,88
5,18,-720,-164
5,19,-784,-94
5,20,-704,-36
5,21,-688,-40
5,22,-840,46
5,23,-784,42
5,24,-824,-6
5,25,-724,52
5,26,-760,-60
5,27,-756,68
5,28,-756,-70
5,29,-940,110
5,30,-696,-46
5,31,-728,-50
5,32,-752,-80
5,33,-760,42
5,34,-756,-12
5,35,-780,-32
5,36,-792,80
5,37,-684,-18
5,38,-672,-52
5,39,-788,54
5,40,-732,-12
5,41,-812,-116
5,42,-612,-40
5,43,-668,-8
5,44,-756,-4
5,45,-724,78
5,46,-760,-106
5,47,-708,28
5,48,-756,-40
5,49,-748,34
5,50,-660,76
5,51,-820,12
5,52,-768,-40
5,53,-728,24
5,54,-784,36
5,55,-700,-78
5,56,-692,-106
5,57,-700,108
5,58,-780,44
5,59,-776,68
5,60,-764,34
5,61,-768,90
5,62,-848,28
5,63,-644,-54
5,64,-788,-26
5,65,-668,24
5,66,-792,-30
5,67,-740,74
5,68,-736,-44
5,69,-756,-26
5,70,-704,2
5,71,-728,6
5,72,-756,32
5,73,-664,78
5,74,-748,-106
5,75,-696,-60
5,76,-768,-128
5,77,-752,-60
5,78,-700,-84
5,79,-564,-22
5,80,-716,16
5,81,-784,-92
5,82,-792,-102
5,83,-848,48
5,84,-756,-68
5,85,-804,98
5,86,-764,26
5,87,-804,170
5,88,-848,-46
5,89,-768,28
5,90,-840,44
5,91,-804,-26
5,92,-800,-30
5,93,-752,2
5,94,-808,-12
5,95,-776,92
5,96,-788,72
5,97,-808,-60
5,98,-672,32
5,99,-764,2
0.1,0,-16,34
0.1,1,-2128,46
0.1,2,-2468,10
0.1,3,-2568,-16
0.1,4,-2668,0
0.1,5,-2752,18
0.1,6,-2784,28
0.1,7,-2816,14
0.1,8,-2848,38
0.1,9,-2868,20
0.1,10,-2892,46
0.1,11,-2912,18
0.1,12,-2936,40
0.1,13,-2956,26
0.1,14,-2976,28
0.1,15,-2988,14
0.1,16,-2996,20
0.1,17,-3004,40
0.1,18,-3004,18
0.1,19,-3012,54
0.1,20,-3016,58
0.1,21,-3028,24
0.1,22,-3032,48
0.1,23,-3036,86
0.1,24,-3036,124
0.1,25,-3036,86
0.1,26,-3036,88
0.1,27,-3036,86
0.1,28,-3036,110
0.1,29,-3040,114
0.1,30,-3040,110
0.1,31,-3044,94
0.1,32,-3044,90
0.1,33,-3044,78
0.1,34,-3048,88
0.1,35,-3048,90
0.1,36,-3052,110
0.1,37,-3052,122
0.1,38,-3052,104
0.1,39,-3052,96
0.1,40,-3052,78
0.1,41,-3052,62
0.1,42,-3052,78
0.1,43,-3052,50
0.1,44,-3052,26
0.1,45,-3052,18
0.1,46,-3052,16
0.1,47,-3052,36
0.1,48,-3052,32
0.1,49,-3052,24
0.1,50,-3052,-4
0.1,51,-3056,-16
0.1,52,-3056,-6
0.1,53,-3056,-14
0.1,54,-3056,-12
0.1,55,-3056,-12
0.1,56,-3056,-26
0.1,57,-3056,-30
0.1,58,-3056,-32
0.1,59,-3056,-20
0.1,60,-3056,-24
0.1,61,-3056,-16
0.1,62,-3056,-14
0.1,63,-3056,-4
0.1,64,-3056,-10
0.1,65,-3056,-14
0.1,66,-3056,-14
0.1,67,-3056,-8
0.1,68,-3056,-12
0.1,69,-3056,-34
0.1,70,-3056,-38
0.1,71,-3056,-24
0.1,72,-3056,-36
0.1,73,-3056,-46
0.1,74,-3056,-56
0.1,75,-3056,-52
0.1,76,-3060,-70
0.1,77,-3060,-60
0.1,78,-3060,-82
0.1,79,-3060,-70
0.1,80,-3064,-86
0.1,81,-3064,-100
0.1,82,-3064,-98
0.1,83,-3064,-84
0.1,84,-3064,-66
0.1,85,-3064,-76
0.1,86,-3064,-68
0.1,87,-3064,-70
0.1,88,-3064,-62
0.1,89,-3064,-48
0.1,90,-3064,-44
0.1,91,-3068,-40
0.1,92,-3068,-48
0.1,93,-3068,-58
0.1,94,-3068,-68
0.1,95,-3068,-66
0.1,96,-3068,-70
0.1,97,-3068,-62
0.1,98,-3068,-68
0.1,99,-3068,-66
1,0,-12,34
1,1,-1984,282
1,2,-2352,374
1,3,-2492,396
1,4,-2596,396
1,5,-2684,442
1,6,-2744,484
1,7,-2760,494
1,8,-2780,562
1,9,-2844,584
1,10,-2844,548
1,11,-2876,608
1,12,-2884,652
1,13,-2908,668
1,14,-2916,746
1,15,-2960,782
1,16,-2972,780
1,17,-2988,840
1,18,-2992,856
1,19,-3004,876
1,20,-2996,928
1,21,-3024,962
1,22,-3016,968
1,23,-3044,984
1,24,-3044,1026
1,25,-3044,1038
1,26,-3052,1046
1,27,-3048,1046
1,28,-3048,1088
1,29,-3040,1096
1,30,-3044,1088
1,31,-3064,1124
1,32,-3088,1170
1,33,-3076,1214
1,34,-3080,1208
1,35,-3092,1220
1,36,-3080,1266
1,37,-3096,1294
1,38,-3112,1338
1,39,-3116,1358
1,40,-3112,1380
1,41,-3116,1400
1,42,-3132,1416
1,43,-3136,1446
1,44,-3136,1448
1,45,-3148,1478
1,46,-3148,1508
1,47,-3164,1520
1,48,-3160,1550
1,49,-3188,1572
1,50,-3196,1590
1,51,-3216,1598
1,52,-3216,1598
1,53,-3224,1600
1,54,-3224,1600
1,55,-3224,1600
1,56,-3200,1594
1,57,-3224,1600
1,58,-3216,1598
1,59,-3216,1598
1,60,-3216,1598
1,61,-3216,1598
1,62,-3224,1600
1,63,-3224,1600
1,64,-3224,1600
1,65,-3216,1598
1,66,-3224,1600
1,67,-3224,1600
1,68,-3224,1600
1,69,-3224,1600
1,70,-3216,1598
1,71,-3208,1596
1,72,-3224,1600
1,73,-3224,1600
1,74,-3224,1600
1,75,-3200,1594
1,76,-3216,1598
1,77,-3224,1600
1,78,-3224,1600
1,79,-3224,1600
1,80,-3224,1600
1,81,-3224,1600
1,82,-3224,1600
1,83,-3224,1600
1,84,-3224,1600
1,85,-3224,1600
1,86,-3224,1600
1,87,-3224,1600
1,88,-3224,1600
1,89,-3224,1600
1,90,-3224,1600
1,91,-3216,1598
1,92,-3216,1598
1,93,-3216,1598
1,94,-3216,1598
1,95,-3224,1600
1,96,-3224,1600
1,97,-3224,1600
1,98,-3224,1600
1,99,-3216,1598
2.5,0,-36,16
2.5,1,-1528,-172
2.5,2,-1736,-144
2.5,3,-1712,-226
2.5,4,-1804,-236
2.5,5,-1820,-214
2.5,6,-1812,-108
2.5,7,-1752,-186
2.5,8,-1828,-206
2.5,9,-1832,-128
2.5,10,-1812,-152
2.5,11,-1936,-154
2.5,12,-1908,-274
2.5,13,-1916,-284
2.5,14,-1800,-352
2.5,15,-1736,-442
2.5,16,-1660,-356
2.5,17,-1732,-328
2.5,18,-1960,-410
2.5,19,-1936,-376
2.5,20,-1776,-234
2.5,21,-1792,-210
2.5,22,-1816,-114
2.5,23,-1784,-94
2.5,24,-1916,-82
2.5,25,-1864,10
2.5,26,-1772,166
2.5,27,-1696,86
2.5,28,-1692,174
2.5,29,-1760,140
2.5,30,-1856,126
2.5,31,-1660,-46
2.5,32,-1688,38
2.5,33,-1840,6
2.5,34,-1976,50
2.5,35,-1932,98
2.5,36,-2012,94
2.5,37,-1996,58
2.5,38,-1908,0
2.5,39,-1924,-144
2.5,40,-1836,-54
2.5,41,-1924,-156
2.5,42,-1864,-274
2.5,43,-1672,-198
2.5,44,-1720,-152
2.5,45,-1712,-80
2.5,46,-1876,-228
2.5,47,-1824,-280
2.5,48,-1828,-196
2.5,49,-1868,-164
2.5,50,-1908,-160
2.5,51,-1788,-50
2.5,52,-1912,-34
2.5,53,-1900,4
2.5,54,-1848,140
2.5,55,-1812,140
2.5,56,-1740,214
2.5,57,-1892,132
2.5,58,-1856,136
2.5,59,-1748,-16
2.5,60,-1764,-24
2.5,61,-1840,-138
2.5,62,-1796,-30
2.5,63,-1860,-80
2.5,64,-1864,-124
2.5,65,-1820,-122
2.5,66,-1864,-20
2.5,67,-1776,-186
2.5,68,-1724,-106
2.5,69,-1768,-116
2.5,70,-1952,-76
2.5,71,-1736,-140
2.5,72,-1784,-228
2.5,73,-1712,-262
2.5,74,-1740,-288
2.5,75,-1804,-202
2.5,76,-1744,-134
2.5,77,-1812,-176
2.5,78,-1868,-152
2.5,79,-1820,-220
2.5,80,-1792,-180
2.5,81,-1772,-226
2.5,82,-1888,-202
2.5,83,-1928,-186
2.5,84,-1920,-178
2.5,85,-1964,-260
2.5,86,-1912,-158
2.5,87,-2012,-24
2.5,88,-1948,16
2.5,89,-1896,4
2.5,90,-1848,10
2.5,91,-1876,118
2.5,92,-1876,2
2.5,93,-1844,-66
2.5,94,-1736,-190
2.5,95,-1868,-198
2.5,96,-1884,-158
2.5,97,-1924,-106
2.5,98,-1832,-12
2.5,99,-1800,44
5,0,44,134
5,1,-628,-84
5,2,-708,-34
5,3,-516,-12
5,4,-508,-40
5,5,-624,-60
5,6,-452,42
5,7,-508,-38
5,8,-556,-76
5,9,-500,76
5,10,-584,-30
5,11,-620,-150
5,12,-548,-86
5,13,-588,-166
5,14,-448,20
5,15,-524,60
5,16,-680,-48
5,17,-580,-114
5,18,-544,6
5,19,-736,10
5,20,-644,18
5,21,-664,-50
5,22,-656,-138
5,23,-612,-82
5,24,-568,-50
5,25,-644,-42
5,26,-568,120
5,27,-624,196
5,28,-472,18
5,29,-676,18
5,30,-692,56
5,31,-632,-118
5,32,-656,12
5,33,-616,-6
5,34,-500,-60
5,35,-596,-36
5,36,-584,14
5,37,-448,6
5,38,-648,44
5,39,-524,16
5,40,-664,0
5,41,-584,-80
5,42,-544,-64
5,43,-532,26
5,44,-556,12
5,45,-648,96
5,46,-572,82
5,47,-668,-102
5,48,-544,34
5,49,-528,62
5,50,-592,38
5,51,-552,8
5,52,-532,44
5,53,-584,184
5,54,-592,108
5,55,-732,-92
5,56,-604,52
5,57,-552,-58
5,58,-524,2
5,59,-564,-20
5,60,-620,6
5,61,-508,-46
5,62,-676,98
5,63,-516,82
5,64,-676,72
5,65,-636,180
5,66,-612,20
5,67,-632,-140
5,68,-628,-30
5,69,-628,0
5,70,-696,-24
5,71,-564,46
5,72,-608,-52
5,73,-492,-84
5,74,-520,86
5,75,-536,0
5,76,-516,46
5,77,-432,-8
5,78,-552,-74
5,79,-564,-120
5,80,-668,-42
5,81,-468,84
5,82,-624,42
5,83,-584,36
5,84,-632,-38
5,85,-588,12
5,86,-720,-94
5,87,-596,-26
5,88,-564,-2
5,89,-504,-54
5,90,-552,-106
5,91,-528,-2
5,92,-532,136
5,93,-576,74
5,94,-712,48
5,95,-488,24
5,96,-676,-66
5,97,-520,-4
5,98,-576,-46
5,99,-560,22
0.1,0,24,22
0.1,1,-2004,84
0.1,2,-2340,96
0.1,3,-2528,152
0.1,4,-2612,160
0.1,5,-2672,140
0.1,6,-2724,90
0.1,7,-2756,118
0.1,8,-2776,94
0.1,9,-2780,120
0.1,10,-2804,112
0.1,11,-2816,124
0.1,12,-2820,140
0.1,13,-2832,144
0.1,14,-2844,162
0.1,15,-2848,108
0.1,16,-2848,112
0.1,17,-2852,126
0.1,18,-2852,118
0.1,19,-2856,160
0.1,20,-2868,164
0.1,21,-2872,170
0.1,22,-2872,138
0.1,23,-2876,112
0.1,24,-2880,80
0.1,25,-2880,90
0.1,26,-2888,114
0.1,27,-2892,106
0.1,28,-2900,126
0.1,29,-2900,164
0.1,30,-2900,178
0.1,31,-2908,188
0.1,32,-2916,178
0.1,33,-2916,156
0.1,34,-2920,168
0.1,35,-2920,132
0.1,36,-2920,118
0.1,37,-2924,92
0.1,38,-2924,70
0.1,39,-2924,98
0.1,40,-2924,80
0.1,41,-2928,74
0.1,42,-2928,28
0.1,43,-2932,4
0.1,44,-2940,-30
0.1,45,-2948,-20
0.1,46,-2952,4
0.1,47,-2956,34
0.1,48,-2956,38
0.1,49,-2956,28
0.1,50,-2956,30
0.1,51,-2956,36
0.1,52,-2960,2
0.1,53,-2960,18
0.1,54,-2964,-10
0.1,55,-2964,10
0.1,56,-2964,-2
0.1,57,-2964,0
0.1,58,-2964,6
0.1,59,-2964,-10
0.1,60,-2964,-8
0.1,61,-2968,-32
0.1,62,-2968,-40
0.1,63,-2968,-34
0.1,64,-2968,-40
0.1,65,-2968,-38
0.1,66,-2972,-40
0.1,67,-2972,-22
0.1,68,-2976,-16
0.1,69,-2976,24
0.1,70,-2976,32
0.1,71,-2976,50
0.1,72,-2976,18
0.1,73,-2980,34
0.1,74,-2980,40
0.1,75,-2980,36
0.1,76,-2980,40
0.1,77,-2980,62
0.1,78,-2980,72
0.1,79,-2984,84
0.1,80,-2984,78
0.1,81,-2984,88
0.1,82,-2984,86
0.1,83,-2984,90
0.1,84,-2984,70
0.1,85,-2984,58
0.1,86,-2984,64
0.1,87,-2984,78
0.1,88,-2984,74
0.1,89,-2984,80
0.1,90,-2984,68
0.1,91,-2984,58
0.1,92,-2984,66
0.1,93,-2984,86
0.1,94,-2984,88
0.1,95,-2984,72
0.1,96,-2984,66
0.1,97,-2984,76
0.1,98,-2984,92
0.1,99,-2984,100
1,0,92,34
1,1,-1852,96
1,2,-2304,196
1,3,-2512,244
1,4,-2548,238
1,5,-2576,278
1,6,-2616,310
1,7,-2660,340
1,8,-2716,364
1,9,-2712,338
1,10,-2736,352
1,11,-2716,350
1,12,-2732,358
1,13,-2756,342
1,14,-2720,382
1,15,-2752,360
1,16,-2760,394
1,17,-2740,390
1,18,-2772,406
1,19,-2776,418
1,20,-2776,434
1,21,-2772,426
1,22,-2776,414
1,23,-2772,462
1,24,-2764,496
1,25,-2764,534
1,26,-2776,542
1,27,-2780,536
1,28,-2768,562
1,29,-2768,558
1,30,-2764,626
1,31,-2760,622
1,32,-2768,658
1,33,-2804,738
1,34,-2796,776
1,35,-2796,756
1,36,-2812,782
1,37,-2796,812
1,38,-2796,832
1,39,-2812,816
1,40,-2808,856
1,41,-2828,878
1,42,-2812,876
1,43,-2824,894
1,44,-2836,918
1,45,-2832,954
1,46,-2840,964
1,47,-2844,970
1,48,-2836,948
1,49,-2844,974
1,50,-2824,968
1,51,-2828,974
1,52,-2832,1036
1,53,-2848,1068
1,54,-2844,1052
1,55,-2840,1078
1,56,-2852,1120
1,57,-2852,1160
1,58,-2856,1198
1,59,-2868,1246
1,60,-2888,1262
1,61,-2892,1274
1,62,-2888,1286
1,63,-2892,1328
1,64,-2896,1320
1,65,-2896,1362
1,66,-2904,1392
1,67,-2916,1430
1,68,-2916,1442
1,69,-2916,1452
1,70,-2924,1506
1,71,-2916,1494
1,72,-2944,1524
1,73,-2948,1536
1,74,-2960,1562
1,75,-2976,1582
1,76,-2992,1594
1,77,-3000,1598
1,78,-2992,1596
1,79,-3008,1600
1,80,-3000,1598
1,81,-3008,1600
1,82,-2992,1596
1,83,-3000,1598
1,84,-3008,1600
1,85,-3008,1600
1,86,-3000,1598
1,87,-3008,1600
1,88,-3008,1600
1,89,-3008,1600
1,90,-3008,1600
1,91,-2984,1594
1,92,-3008,1600
1,93,-2992,1596
1,94,-3008,1600
1,95,-3008,1600
1,96,-3008,1600
1,97,-3008,1600
1,98,-3008,1600
1,99,-3000,1598
2.5,0,-8,10
2.5,1,-1348,-46
2.5,2,-1548,-118
2.5,3,-1688,-204
2.5,4,-1616,-210
2.5,5,-1708,-232
2.5,6,-1712,-194
2.5,7,-1692,-178
2.5,8,-1756,-54
2.5,9,-1720,-138
2.5,10,-1672,-164
2.5,11,-1640,48
2.5,12,-1592,12
2.5,13,-1608,-64
2.5,14,-1636,-50
2.5,15,-1720,-84
2.5,16,-1656,74
2.5,17,-1724,40
2.5,18,-1772,-36
2.5,19,-1728,-64
2.5,20,-1636,-154
2.5,21,-1772,-142
2.5,22,-1856,-228
2.5,23,-1860,-238
2.5,24,-1716,-246
2.5,25,-1804,-314
2.5,26,-1788,-242
2.5,27,-1848,-206
2.5,28,-1904,-240
2.5,29,-1740,-148
2.5,30,-1856,-118
2.5,31,-1816,8
2.5,32,-1780,32
2.5,33,-1692,-20
2.5,34,-1828,-124
2.5,35,-1716,-20
2.5,36,-1788,118
2.5,37,-1868,70
2.5,38,-1844,120
2.5,39,-1868,30
2.5,40,-1860,-44
2.5,41,-1908,-56
2.5,42,-1736,-80
2.5,43,-1896,-262
2.5,44,-1832,-264
2.5,45,-1692,-110
2.5,46,-1844,-2
2.5,47,-1712,112
2.5,48,-1784,86
2.5,49,-1692,114
2.5,50,-1844,164
2.5,51,-1832,118
2.5,52,-1940,16
2.5,53,-1872,82
2.5,54,-1792,192
2.5,55,-1880,60
2.5,56,-1744,-12
2.5,57,-1824,92
2.5,58,-1772,54
2.5,59,-1608,-68
2.5,60,-1748,-118
2.5,61,-1740,0
2.5,62,-1796,14
2.5,63,-1828,22
2.5,64,-1800,-106
2.5,65,-1696,-50
2.5,66,-1756,-208
2.5,67,-1748,-342
2.5,68,-1692,-162
2.5,69,-1636,-74
2.5,70,-1820,-94
2.5,71,-1760,-192
2.5,72,-1760,-188
2.5,73,-1864,-352
2.5,74,-1920,-336
2.5,75,-1892,-388
2.5,76,-1948,-346
2.5,77,-1960,-500
2.5,78,-1740,-290
2.5,79,-1768,-128
2.5,80,-1772,-10
2.5,81,-1756,-46
2.5,82,-1912,-64
2.5,83,-1756,-96
2.5,84,-1888,-58
2.5,85,-1848,56
2.5,86,-1792,80
2.5,87,-1864,8
2.5,88,-1604,-154
2.5,89,-1672,-146
2.5,90,-1756,-58
2.5,91,-1712,-62
2.5,92,-1760,-70
2.5,93,-1708,-120
2.5,94,-1700,-142
2.5,95,-1676,-192
2.5,96,-1620,-108
2.5,97,-1608,-36
2.5,98,-1568,-16
2.5,99,-1680,22
5,0,64,24
5,1,-544,-16
5,2,-468,44
5,3,-580,-52
5,4,-536,-16
5,5,-532,40
5,6,-492,-24
5,7,-628,68
5,8,-524,54
5,9,-596,-108
5,10,-608,32
5,11,-536,4
5,12,-584,-64
5,13,-592,46
5,14,-540,24
5,15,-544,-36
5,16,-592,76
5,17,-632,-84
5,18,-472,4
5,19,-572,-42
5,20,-664,-212
5,21,-476,-138
5,22,-524,-44
5,23,-552,68
5,24,-448,-22
5,25,-536,48
5,26,-464,48
5,27,-448,-28
5,28,-476,18
5,29,-640,70
5,30,-616,76
5,31,-604,-52
5,32,-580,-92
5,33,-596,104
5,34,-568,38
5,35,-504,-22
5,36,-516,-8
5,37,-484,-18
5,38,-528,-44
5,39,-516,4
5,40,-484,68
5,41,-524,6
5,42,-492,50
5,43,-504,52
5,44,-628,76
5,45,-528,36
5,46,-476,-26
5,47,-644,46
5,48,-724,-152
5,49,-604,-156
5,50,-660,-66
5,51,-588,0
5,52,-572,-16
5,53,-628,80
5,54,-564,20
5,55,-456,-52
5,56,-556,-8
5,57,-544,8
5,58,-400,-28
5,59,-696,76
5,60,-480,38
5,61,-620,-142
5,62,-672,6
5,63,-544,-70
5,64,-612,-62
5,65,-592,72
5,66,-668,-28
5,67,-556,-70
5,68,-504,28
5,69,-544,-60
5,70,-556,-60
5,71,-596,22
5,72,-632,62
5,73,-496,124
5,74,-532,32
5,75,-528,22
5,76,-608,-54
5,77,-556,-102
5,78,-592,76
5,79,-500,-48
5,80,-480,-80
5,81,-548,-56
5,82,-600,-24
5,83,-560,-40
5,84,-488,26
5,85,-544,30
5,86,-552,-2
5,87,-580,-30
5,88,-532,-56
5,89,-684,-96
5,90,-552,-14
5,91,-676,-96
5,92,-692,36
5,93,-648,20
5,94,-556,-38
5,95,-468,-68
5,96,-616,-16
5,97,-540,48
5,98,-544,-10
5,99,-488,-26
0.1,0,80,-8
0.1,1,-1880,-150
0.1,2,-2312,-264
0.1,3,-2500,-348
0.1,4,-2560,-406
0.1,5,-2600,-498
0.1,6,-2640,-510
0.1,7,-2664,-536
0.1,8,-2720,-584
0.1,9,-2752,-608
0.1,10,-2768,-644
0.1,11,-2772,-654
0.1,12,-2784,-632
0.1,13,-2792,-620
0.1,14,-2796,-620
0.1,15,-2808,-618
0.1,16,-2808,-644
0.1,17,-2816,-678
0.1,18,-2824,-702
0.1,19,-2824,-710
0.1,20,-2832,-772
0.1,21,-2840,-814
0.1,22,-2840,-850
0.1,23,-2840,-894
0.1,24,-2844,-952
0.1,25,-2852,-934
0.1,26,-2856,-928
0.1,27,-2856,-912
0.1,28,-2860,-956
0.1,29,-2868,-968
0.1,30,-2868,-954
0.1,31,-2876,-1010
0.1,32,-2884,-1022
0.1,33,-2884,-1030
0.1,34,-2884,-1056
0.1,35,-2888,-1072
0.1,36,-2888,-1128
0.1,37,-2900,-1186
0.1,38,-2900,-1188
0.1,39,-2900,-1216
0.1,40,-2904,-1212
0.1,41,-2912,-1258
0.1,42,-2916,-1290
0.1,43,-2920,-1306
0.1,44,-2924,-1318
0.1,45,-2928,-1294
0.1,46,-2932,-1316
0.1,47,-2936,-1326
0.1,48,-2940,-1348
0.1,49,-2944,-1378
0.1,50,-2948,-1382
0.1,51,-2952,-1404
0.1,52,-2960,-1438
0.1,53,-2964,-1468
0.1,54,-2972,-1490
0.1,55,-2988,-1532
0.1,56,-2992,-1548
0.1,57,-3008,-1578
0.1,58,-3024,-1596
0.1,59,-3040,-1600
0.1,60,-3040,-1600
0.1,61,-3040,-1600
0.1,62,-3040,-1600
0.1,63,-3040,-1600
0.1,64,-3040,-1600
0.1,65,-3040,-1600
0.1,66,-3040,-1600
0.1,67,-3040,-1600
0.1,68,-3040,-1600
0.1,69,-3040,-1600
0.1,70,-3040,-1600
0.1,71,-3040,-1600
0.1,72,-3040,-1600
0.1,73,-3040,-1600
0.1,74,-3040,-1600
0.1,75,-3040,-1600
0.1,76,-3040,-1600
0.1,77,-3040,-1600
0.1,78,-3040,-1600
0.1,79,-3040,-1600
0.1,80,-3040,-1600
0.1,81,-3040,-1600
0.1,82,-3040,-1600
0.1,83,-3040,-1600
0.1,84,-3040,-1600
0.1,85,-3040,-1600
0.1,86,-3040,-1600
0.1,87,-3040,-1600
0.1,88,-3040,-1600
0.1,89,-3040,-1600
0.1,90,-3040,-1600
0.1,91,-3040,-1600
0.1,92,-3040,-1600
0.1,93,-3040,-1600
0.1,94,-3040,-1600
0.1,95,-3040,-1600
0.1,96,-3040,-1600
0.1,97,-3040,-1600
0.1,98,-3040,-1600
0.1,99,-3040,-1600
1,0,16,-46
1,1,-2016,-100
1,2,-2344,-302
1,3,-2452,-288
1,4,-2544,-388
1,5,-2612,-396
1,6,-2648,-424
1,7,-2668,-440
1,8,-2716,-510
1,9,-2752,-516
1,10,-2768,-576
1,11,-2808,-630
1,12,-2820,-676
1,13,-2844,-706
1,14,-2856,-720
1,15,-2868,-764
1,16,-2864,-846
1,17,-2900,-908
1,18,-2908,-944
1,19,-2912,-958
1,20,-2932,-990
1,21,-2936,-1006
1,22,-2972,-1036
1,23,-2988,-1060
1,24,-2992,-1062
1,25,-3004,-1070
1,26,-3008,-1112
1,27,-3012,-1138
1,28,-3016,-1162
1,29,-3028,-1208
1,30,-3036,-1208
1,31,-3036,-1228
1,32,-3052,-1264
1,33,-3036,-1288
1,34,-3048,-1286
1,35,-3040,-1302
1,36,-3044,-1324
1,37,-3036,-1338
1,38,-3056,-1386
1,39,-3068,-1394
1,40,-3060,-1390
1,41,-3076,-1394
1,42,-3064,-1408
1,43,-3072,-1390
1,44,-3072,-1416
1,45,-3068,-1442
1,46,-3080,-1444
1,47,-3084,-1444
1,48,-3072,-1470
1,49,-3100,-1476
1,50,-3092,-1512
1,51,-3112,-1526
1,52,-3100,-1544
1,53,-3148,-1594
1,54,-3168,-1600
1,55,-3160,-1598
1,56,-3168,-1600
1,57,-3168,-1600
1,58,-3152,-1596
1,59,-3168,-1600
1,60,-3160,-1598
1,61,-3168,-1600
1,62,-3168,-1600
1,63,-3168,-1600
1,64,-3168,-1600
1,65,-3168,-1600
1,66,-3144,-1594
1,67,-3152,-1596
1,68,-3168,-1600
1,69,-3168,-1600
1,70,-3168,-1600
1,71,-3168,-1600
1,72,-3168,-1600
1,73,-3168,-1600
1,74,-3160,-1598
1,75,-3160,-1598
1,76,-3160,-1598
1,77,-3160,-1598
1,78,-3160,-1598
1,79,-3160,-1598
1,80,-3168,-1600
1,81,-3116,-1586
1,82,-3168,-1600
1,83,-3168,-1600
1,84,-3160,-1598
1,85,-3168,-1600
1,86,-3168,-1600
1,87,-3168,-1600
1,88,-3168,-1600
1,89,-3168,-1600
1,90,-3160,-1598
1,91,-3168,-1600
1,92,-3168,-1600
1,93,-3160,-1598
1,94,-3160,-1598
1,95,-3160,-1598
1,96,-3160,-1598
1,97,-3160,-1598
1,98,-3168,-1600
1,99,-3160,-1598
2.5,0,-24,16
2.5,1,-1484,96
2.5,2,-1804,62
2.5,3,-1728,18
2.5,4,-1676,-96
2.5,5,-1840,-278
2.5,6,-1784,-240
2.5,7,-1600,-186
2.5,8,-1720,-216
2.5,9,-1848,-180
2.5,10,-1696,-190
2.5,11,-1780,-140
2.5,12,-1708,-62
2.5,13,-1760,-232
2.5,14,-1720,-170
2.5,15,-1800,-156
2.5,16,-1792,-64
2.5,17,-1788,-212
2.5,18,-1736,-404
2.5,19,-1760,-536
2.5,20,-1828,-580
2.5,21,-1808,-536
2.5,22,-1880,-492
2.5,23,-1680,-384
2.5,24,-1836,-534
2.5,25,-1804,-524
2.5,26,-1780,-444
2.5,27,-1956,-512
2.5,28,-1812,-488
2.5,29,-1824,-442
2.5,30,-1844,-440
2.5,31,-1684,-418
2.5,32,-1756,-466
2.5,33,-1804,-522
2.5,34,-1828,-502
2.5,35,-1768,-478
2.5,36,-1712,-388
2.5,37,-1800,-388
2.5,38,-1828,-444
2.5,39,-1888,-394
2.5,40,-1916,-538
2.5,41,-1784,-406
2.5,42,-1896,-362
2.5,43,-1856,-348
2.5,44,-1816,-442
2.5,45,-1896,-546
2.5,46,-1912,-566
2.5,47,-1924,-462
2.5,48,-1824,-344
2.5,49,-1760,-394
2.5,50,-1784,-446
2.5,51,-1868,-494
2.5,52,-1912,-500
2.5,53,-1776,-352
2.5,54,-1720,-398
2.5,55,-2000,-552
2.5,56,-1784,-384
2.5,57,-1864,-458
2.5,58,-1912,-448
2.5,59,-1728,-340
2.5,60,-1664,-192
2.5,61,-1748,-220
2.5,62,-1740,-270
2.5,63,-1864,-284
2.5,64,-1724,-248
2.5,65,-1640,-158
2.5,66,-1680,-116
2.5,67,-1772,-168
2.5,68,-1848,-298
2.5,69,-1780,-262
2.5,70,-1796,-294
2.5,71,-1872,-276
2.5,72,-1704,-278
2.5,73,-1800,-226
2.5,74,-1848,-302
2.5,75,-1852,-240
2.5,76,-1916,-152
2.5,77,-1884,-294
2.5,78,-1772,-264
2.5,79,-1892,-180
2.5,80,-1896,-160
2.5,81,-1976,-92
2.5,82,-1816,-160
2.5,83,-1880,-124
2.5,84,-1828,-40
2.5,85,-1840,-98
2.5,86,-1696,-156
2.5,87,-1724,-220
2.5,88,-1824,-210
2.5,89,-1832,-314
2.5,90,-1900,-324
2.5,91,-1796,-220
2.5,92,-1756,-394
2.5,93,-1756,-468
2.5,94,-1768,-442
2.5,95,-1776,-344
2.5,96,-1796,-348
2.5,97,-1748,-380
2.5,98,-1820,-386
2.5,99,-1820,-224
5,0,60,-18
5,1,-624,-90
5,2,-528,-12
5,3,-528,-50
5,4,-640,42
5,5,-564,-120
5,6,-624,-92
5,7,-548,-64
5,8,-568,8
5,9,-568,-14
5,10,-728,-132
5,11,-596,-30
5,12,-604,30
5,13,-476,58
5,14,-484,82
5,15,-576,24
5,16,-484,-34
5,17,-612,-88
5,18,-464,30
5,19,-532,6
5,20,-528,-16
5,21,-548,-62
5,22,-564,32
5,23,-528,-46
5,24,-604,-2
5,25,-616,-144
5,26,-512,-26
5,27,-712,-4
5,28,-488,-30
5,29,-596,-58
5,30,-564,-8
5,31,-524,44
5,32,-592,-16
5,33,-564,-24
5,34,-592,-24
5,35,-604,74
5,36,-644,34
5,37,-508,0
5,38,-580,10
5,39,-636,36
5,40,-532,-46
5,41,-512,-12
5,42,-464,40
5,43,-600,-22
5,44,-520,82
5,45,-628,56
5,46,-528,6
5,47,-576,-6
5,48,-536,86
5,49,-552,-60
5,50,-488,-54
5,51,-608,-18
5,52,-624,176
5,53,-608,20
5,54,-596,78
5,55,-620,36
5,56,-588,-124
5,57,-592,-36
5,58,-576,40
5,59,-408,-118
5,60,-468,-106
5,61,-624,-10
5,62,-656,70
5,63,-664,-42
5,64,-456,6
5,65,-600,-86
5,66,-500,-68
5,67,-560,-26
5,68,-632,-52
5,69,-576,-30
5,70,-528,-24
5,71,-700,122
5,72,-556,84
5,73,-664,-14
5,74,-528,-72
5,75,-708,28
5,76,-520,-10
5,77,-536,-28
5,78,-508,-10
5,79,-572,-44
5,80,-588,-60
5,81,-616,-18
5,82,-584,34
5,83,-548,-48
5,84,-536,16
5,85,-524,18
5,86,-568,78
5,87,-660,58
5,88,-352,14
5,89,-604,56
5,90,-576,62
5,91,-536,-56
5,92,-596,-76
5,93,-640,10
5,94,-548,26
5,95,-484,60
5,96,-552,-36
5,97,-592,-60
5,98,-576,38
5,99,-600,6
0.1,0,12,-88
0.1,1,-2056,-170
0.1,2,-2396,-276
0.1,3,-2540,-316
0.1,4,-2656,-346
0.1,5,-2720,-340
0.1,6,-2740,-370
0.1,7,-2756,-316
0.1,8,-2768,-308
0.1,9,-2776,-336
0.1,10,-2800,-344
0.1,11,-2812,-360
0.1,12,-2844,-392
0.1,13,-2864,-404
0.1,14,-2888,-428
0.1,15,-2896,-428
0.1,16,-2904,-418
0.1,17,-2908,-390
0.1,18,-2912,-416
0.1,19,-2912,-420
0.1,20,-2912,-396
0.1,21,-2916,-388
0.1,22,-2924,-382
0.1,23,-2928,-386
0.1,24,-2928,-340
0.1,25,-2936,-364
0.1,26,-2944,-338
0.1,27,-2944,-320
0.1,28,-2952,-298
0.1,29,-2952,-276
0.1,30,-2956,-274
0.1,31,-2968,-258
0.1,32,-2968,-248
0.1,33,-2972,-308
0.1,34,-2980,-284
0.1,35,-2980,-276
0.1,36,-2980,-250
0.1,37,-2980,-250
0.1,38,-2980,-278
0.1,39,-2980,-272
0.1,40,-2980,-296
0.1,41,-2980,-326
0.1,42,-2984,-350
0.1,43,-2988,-334
0.1,44,-2988,-340
0.1,45,-2988,-336
0.1,46,-2992,-334
0.1,47,-2996,-338
0.1,48,-2996,-332
0.1,49,-2996,-340
0.1,50,-2996,-356
0.1,51,-2996,-352
0.1,52,-2996,-324
0.1,53,-2996,-308
0.1,54,-2996,-322
0.1,55,-2996,-338
0.1,56,-2996,-320
0.1,57,-2996,-334
0.1,58,-3000,-360
0.1,59,-3000,-334
0.1,60,-3000,-322
0.1,61,-3004,-318
0.1,62,-3004,-332
0.1,63,-3004,-328
0.1,64,-3004,-320
0.1,65,-3004,-336
0.1,66,-3008,-308
0.1,67,-3012,-300
0.1,68,-3012,-300
0.1,69,-3012,-290
0.1,70,-3012,-290
0.1,71,-3012,-298
0.1,72,-3012,-298
0.1,73,-3012,-298
0.1,74,-3012,-292
0.1,75,-3012,-288
0.1,76,-3012,-296
0.1,77,-3012,-308
0.1,78,-3012,-300
0.1,79,-3012,-312
0.1,80,-3012,-308
0.1,81,-3012,-304
0.1,82,-3016,-320
0.1,83,-3016,-320
0.1,84,-3016,-320
0.1,85,-3016,-320
0.1,86,-3016,-320
0.1,87,-3016,-320
0.1,88,-3016,-320
0.1,89,-3016,-320
0.1,90,-3016,-320
0.1,91,-3016,-320
0.1,92,-3016,-320
0.1,93,-3016,-320
0.1,94,-3016,-320
0.1,95,-3016,-320
0.1,96,-3016,-320
0.1,97,-3016,-320
0.1,98,-3016,-320
0.1,99,-3016,-320
1,0,52,4
1,1,-1948,-14
1,2,-2200,20
1,3,-2420,-4
1,4,-2516,8
1,5,-2572,22
1,6,-2588,38
1,7,-2628,38
1,8,-2644,112
1,9,-2664,112
1,10,-2660,120
1,11,-2680,146
1,12,-2700,154
1,13,-2728,150
1,14,-2728,186
1,15,-2736,204
1,16,-2764,270
1,17,-2760,324
1,18,-2768,366
1,19,-2780,372
1,20,-2780,352
1,21,-2788,372
1,22,-2800,430
1,23,-2792,480
1,24,-2808,534
1,25,-2816,556
1,26,-2816,610
1,27,-2848,630
1,28,-2856,634
1,29,-2852,652
1,30,-2852,672
1,31,-2872,670
1,32,-2864,700
1,33,-2872,768
1,34,-2876,766
1,35,-2852,790
1,36,-2868,800
1,37,-2868,786
1,38,-2876,860
1,39,-2888,918
1,40,-2900,956
1,41,-2892,958
1,42,-2900,992
1,43,-2904,982
1,44,-2908,1052
1,45,-2916,1070
1,46,-2916,1066
1,47,-2916,1092
1,48,-2916,1134
1,49,-2924,1148
1,50,-2940,1136
1,51,-2928,1138
1,52,-2916,1184
1,53,-2936,1242
1,54,-2956,1264
1,55,-2944,1298
1,56,-2952,1342
1,57,-2968,1368
1,58,-2984,1404
1,59,-2992,1430
1,60,-2984,1460
1,61,-2996,1488
1,62,-3020,1532
1,63,-3040,1560
1,64,-3052,1584
1,65,-3072,1598
1,66,-3072,1598
1,67,-3080,1600
1,68,-3072,1598
1,69,-3080,1600
1,70,-3072,1598
1,71,-3080,1600
1,72,-3080,1600
1,73,-3072,1598
1,74,-3080,1600
1,75,-3064,1596
1,76,-3064,1596
1,77,-3080,1600
1,78,-3072,1598
1,79,-3080,1600
1,80,-3080,1600
1,81,-3080,1600
1,82,-3072,1598
1,83,-3064,1596
1,84,-3072,1598
1,85,-3064,1596
1,86,-3072,1598
1,87,-3080,1600
1,88,-3072,1598
1,89,-3080,1600
1,90,-3072,1598
1,91,-3080,1600
1,92,-3080,1600
1,93,-3080,1600
1,94,-3080,1600
1,95,-3080,1600
1,96,-3080,1600
1,97,-3080,1600
1,98,-3080,1600
1,99,-3072,1598
2.5,0,-20,12
2.5,1,-1488,66
2.5,2,-1652,48
2.5,3,-1740,78
2.5,4,-1644,150
2.5,5,-1764,172
2.5,6,-1800,148
2.5,7,-1692,110
2.5,8,-1712,-50
2.5,9,-1860,-166
2.5,10,-1836,-178
2.5,11,-1804,-298
2.5,12,-1764,-206
2.5,13,-1828,-230
2.5,14,-1780,-204
2.5,15,-1744,-226
2.5,16,-1680,-154
2.5,17,-1728,-170
2.5,18,-1828,-246
2.5,19,-1632,-300
2.5,20,-1824,-290
2.5,21,-1696,-148
2.5,22,-1704,-182
2.5,23,-1816,-174
2.5,24,-1860,-78
2.5,25,-1856,62
2.5,26,-1848,58
2.5,27,-1860,46
2.5,28,-1676,156
2.5,29,-1928,216
2.5,30,-1888,152
2.5,31,-1752,204
2.5,32,-1792,90
2.5,33,-1784,62
2.5,34,-1740,-68
2.5,35,-1816,-104
2.5,36,-1912,-72
2.5,37,-1788,-130
2.5,38,-1744,-106
2.5,39,-1800,-84
2.5,40,-1792,-14
2.5,41,-1684,-98
2.5,42,-1740,-140
2.5,43,-1708,-192
2.5,44,-1816,-212
2.5,45,-1780,-58
2.5,46,-1768,-30
2.5,47,-1920,-14
2.5,48,-1780,-62
2.5,49,-1812,-38
2.5,50,-1788,-60
2.5,51,-1744,4
2.5,52,-1704,82
2.5,53,-1628,130
2.5,54,-1884,46
2.5,55,-1748,114
2.5,56,-1944,138
2.5,57,-1808,344
2.5,58,-1844,262
2.5,59,-1740,266
2.5,60,-1708,286
2.5,61,-1748,278
2.5,62,-1876,326
2.5,63,-1812,380
2.5,64,-1748,460
2.5,65,-1768,432
2.5,66,-1780,456
2.5,67,-1844,466
2.5,68,-2004,602
2.5,69,-1856,504
2.5,70,-1804,396
2.5,71,-1760,404
2.5,72,-1668,428
2.5,73,-1680,320
2.5,74,-1668,250
2.5,75,-1804,394
2.5,76,-1780,492
2.5,77,-1796,340
2.5,78,-1784,436
2.5,79,-1908,470
2.5,80,-1932,462
2.5,81,-1860,346
2.5,82,-1824,334
2.5,83,-1688,290
2.5,84,-1620,288
2.5,85,-1616,244
2.5,86,-1756,304
2.5,87,-1848,434
2.5,88,-1800,290
2.5,89,-1836,272
2.5,90,-1928,276
2.5,91,-1828,250
2.5,92,-1772,230
2.5,93,-1776,278
2.5,94,-1788,316
2.5,95,-1868,360
2.5,96,-1784,336
2.5,97,-1640,286
2.5,98,-1768,404
2.5,99,-1824,396
5,0,52,-20
5,1,-496,-20
5,2,-596,50
5,3,-620,44
5,4,-520,58
5,5,-520,50
5,6,-560,-4
5,7,-584,16
5,8,-528,-16
5,9,-520,16
5,10,-680,124
5,11,-552,-6
5,12,-652,-16
5,13,-568,96
5,14,-628,20
5,15,-476,10
5,16,-552,36
5,17,-560,-72
5,18,-592,2
5,19,-604,14
5,20,-740,-68
5,21,-620,36
5,22,-556,-22
5,23,-604,-8
5,24,-624,10
5,25,-564,-38
5,26,-612,-6
5,27,-548,-20
5,28,-572,64
5,29,-528,78
5,30,-620,-62
5,31,-592,-24
5,32,-624,94
5,33,-552,134
5,34,-516,28
5,35,-500,-4
5,36,-708,-22
5,37,-460,80
5,38,-628,-52
5,39,-712,-86
5,40,-656,62
5,41,-636,62
5,42,-600,-36
5,43,-540,-56
5,44,-516,88
5,45,-604,136
5,46,-584,12
5,47,-616,-24
5,48,-552,-30
5,49,-624,-66
5,50,-576,-98
5,51,-584,-140
5,52,-648,-66
5,53,-532,16
5,54,-508,28
5,55,-584,102
5,56,-472,84
5,57,-600,8
5,58,-600,-48
5,59,-632,62
5,60,-416,-38
5,61,-624,-8
5,62,-560,24
5,63,-636,40
5,64,-532,40
5,65,-544,-46
5,66,-588,-34
5,67,-628,-38
5,68,-468,18
5,69,-644,80
5,70,-640,128
5,71,-604,80
5,72,-584,-64
5,73,-560,56
5,74,-496,-48
5,75,-612,-6
5,76,-616,-22
5,77,-512,72
5,78,-540,-80
5,79,-636,40
5,80,-560,146
5,81,-564,46
5,82,-652,-104
5,83,-496,18
5,84,-576,-142
5,85,-608,14
5,86,-544,34
5,87,-656,-20
5,88,-548,-86
5,89,-544,-30
5,90,-616,-98
5,91,-556,130
5,92,-640,26
5,93,-536,32
5,94,-684,100
5,95,-652,-8
5,96,-504,-106
5,97,-484,-78
5,98,-520,-32
5,99,-588,-116
0.1,0,-108,2
0.1,1,-2272,-164
0.1,2,-2676,-106
0.1,3,-2836,-98
0.1,4,-2912,-96
0.1,5,-2976,-44
0.1,6,-3020,-12
0.1,7,-3036,-22
0.1,8,-3048,-42
0.1,9,-3064,-34
0.1,10,-3084,18
0.1,11,-3092,4
0.1,12,-3104,0
0.1,13,-3124,2
0.1,14,-3132,-26
0.1,15,-3132,-28
0.1,16,-3136,-78
0.1,17,-3140,-72
0.1,18,-3144,-90
0.1,19,-3160,-74
0.1,20,-3160,-102
0.1,21,-3168,-180
0.1,22,-3172,-160
0.1,23,-3184,-138
0.1,24,-3188,-152
0.1,25,-3188,-116
0.1,26,-3188,-132
0.1,27,-3188,-114
0.1,28,-3188,-132
0.1,29,-3192,-138
0.1,30,-3196,-136
0.1,31,-3200,-158
0.1,32,-3200,-206
0.1,33,-3204,-218
0.1,34,-3208,-252
0.1,35,-3208,-236
0.1,36,-3208,-242
0.1,37,-3216,-248
0.1,38,-3220,-218
0.1,39,-3220,-224
0.1,40,-3220,-222
0.1,41,-3224,-202
0.1,42,-3224,-196
0.1,43,-3228,-234
0.1,44,-3232,-242
0.1,45,-3232,-252
0.1,46,-3232,-282
0.1,47,-3236,-308
0.1,48,-3236,-318
0.1,49,-3240,-292
0.1,50,-3240,-304
0.1,51,-3240,-302
0.1,52,-3244,-316
0.1,53,-3244,-298
0.1,54,-3244,-292
0.1,55,-3244,-282
0.1,56,-3244,-280
0.1,57,-3244,-286
0.1,58,-3244,-288
0.1,59,-3244,-276
0.1,60,-3244,-286
0.1,61,-3244,-286
0.1,62,-3244,-288
0.1,63,-3244,-286
0.1,64,-3244,-278
0.1,65,-3244,-282
0.1,66,-3244,-300
0.1,67,-3244,-288
0.1,68,-3244,-284
0.1,69,-3244,-296
0.1,70,-3248,-298
0.1,71,-3248,-304
0.1,72,-3248,-318
0.1,73,-3248,-324
0.1,74,-3248,-322
0.1,75,-3248,-338
0.1,76,-3248,-336
0.1,77,-3248,-328
0.1,78,-3248,-322
0.1,79,-3248,-344
0.1,80,-3248,-344
0.1,81,-3248,-340
0.1,82,-3248,-338
0.1,83,-3248,-340
0.1,84,-3248,-352
0.1,85,-3248,-352
0.1,86,-3248,-350
0.1,87,-3248,-354
0.1,88,-3248,-360
0.1,89,-3248,-382
0.1,90,-3252,-380
0.1,91,-3252,-370
0.1,92,-3252,-368
0.1,93,-3252,-366
0.1,94,-3252,-366
0.1,95,-3252,-358
0.1,96,-3252,-352
0.1,97,-3252,-352
0.1,98,-3252,-348
0.1,99,-3252,-346
1,0,-4,10
1,1,-1940,80
1,2,-2336,162
1,3,-2572,276
1,4,-2700,366
1,5,-2792,466
1,6,-2808,532
1,7,-2900,594
1,8,-2892,598
1,9,-2900,592
1,10,-2920,628
1,11,-2936,634
1,12,-2944,670
1,13,-2948,678
1,14,-2964,722
1,15,-2976,750
1,16,-2992,770
1,17,-2980,794
1,18,-2988,802
1,19,-2996,790
1,20,-3008,804
1,21,-2996,870
1,22,-3020,886
1,23,-3020,874
1,24,-3020,862
1,25,-3012,868
1,26,-3008,864
1,27,-3004,846
1,28,-3016,862
1,29,-2992,846
1,30,-3012,870
1,31,-3024,898
1,32,-3008,892
1,33,-3020,918
1,34,-3032,934
1,35,-3028,970
1,36,-3024,988
1,37,-3024,980
1,38,-3024,988
1,39,-3028,986
1,40,-3016,1000
1,41,-3028,1032
1,42,-3040,1024
1,43,-3036,1050
1,44,-3048,1058
1,45,-3044,1074
1,46,-3052,1134
1,47,-3048,1162
1,48,-3056,1184
1,49,-3052,1188
1,50,-3056,1222
1,51,-3060,1220
1,52,-3060,1230
1,53,-3064,1258
1,54,-3060,1242
1,55,-3056,1270
1,56,-3068,1290
1,57,-3072,1288
1,58,-3084,1302
1,59,-3092,1310
1,60,-3096,1330
1,61,-3084,1334
1,62,-3100,1338
1,63,-3096,1340
1,64,-3104,1392
1,65,-3108,1404
1,66,-3100,1414
1,67,-3096,1430
1,68,-3132,1458
1,69,-3124,1460
1,70,-3116,1462
1,71,-3144,1506
1,72,-3148,1544
1,73,-3164,1580
1,74,-3184,1592
1,75,-3192,1596
1,76,-3192,1596
1,77,-3200,1598
1,78,-3192,1596
1,79,-3200,1598
1,80,-3208,1600
1,81,-3208,1600
1,82,-3200,1598
1,83,-3200,1598
1,84,-3208,1600
1,85,-3200,1598
1,86,-3208,1600
1,87,-3208,1600
1,88,-3200,1598
1,89,-3208,1600
1,90,-3208,1600
1,91,-3208,1600
1,92,-3200,1598
1,93,-3208,1600
1,94,-3208,1600
1,95,-3208,1600
1,96,-3200,1598
1,97,-3184,1594
1,98,-3192,1596
1,99,-3200,1598
2.5,0,-12,64
2.5,1,-1504,178
2.5,2,-1636,272
2.5,3,-1748,312
2.5,4,-1748,292
2.5,5,-1840,302
2.5,6,-1800,334
2.5,7,-1808,358
2.5,8,-1792,414
2.5,9,-1820,438
2.5,10,-1788,432
2.5,11,-1956,590
2.5,12,-1848,614
2.5,13,-1908,634
2.5,14,-1712,560
2.5,15,-1816,480
2.5,16,-1748,512
2.5,17,-1900,566
2.5,18,-2024,628
2.5,19,-1948,642
2.5,20,-1768,602
2.5,21,-1740,506
2.5,22,-1820,628
2.5,23,-1704,540
2.5,24,-1744,556
2.5,25,-1960,510
2.5,26,-1980,392
2.5,27,-1916,416
2.5,28,-2008,408
2.5,29,-1756,288
2.5,30,-1808,252
2.5,31,-1908,314
2.5,32,-1832,314
2.5,33,-1784,332
2.5,34,-1768,330
2.5,35,-1824,304
2.5,36,-1888,398
2.5,37,-1872,362
2.5,38,-1880,484
2.5,39,-1836,352
2.5,40,-1860,382
2.5,41,-1736,336
2.5,42,-1676,218
2.5,43,-1628,230
2.5,44,-1764,436
2.5,45,-1756,388
2.5,46,-1684,314
2.5,47,-1888,318
2.5,48,-1736,174
2.5,49,-1684,152
2.5,50,-1704,202
2.5,51,-1624,244
2.5,52,-1640,236
2.5,53,-1756,160
2.5,54,-1836,54
2.5,55,-1736,164
2.5,56,-1792,8
2.5,57,-1740,12
2.5,58,-1668,0
2.5,59,-1772,-16
2.5,60,-1776,-116
2.5,61,-1784,-90
2.5,62,-1892,-72
2.5,63,-1816,-96
2.5,64,-1648,-118
2.5,65,-1856,-264
2.5,66,-1772,-144
2.5,67,-1692,-124
2.5,68,-1628,-188
2.5,69,-1764,-172
2.5,70,-1792,-98
2.5,71,-1796,-52
2.5,72,-1736,-36
2.5,73,-1672,-8
2.5,74,-1820,50
2.5,75,-1864,150
2.5,76,-1680,180
2.5,77,-1764,92
2.5,78,-1780,154
2.5,79,-1888,120
2.5,80,-1824,168
2.5,81,-1840,136
2.5,82,-1784,172
2.5,83,-1800,40
2.5,84,-1780,136
2.5,85,-1840,218
2.5,86,-1788,160
2.5,87,-1916,118
2.5,88,-2000,48
2.5,89,-1840,82
2.5,90,-1812,58
2.5,91,-1804,44
2.5,92,-1632,120
2.5,93,-1736,146
2.5,94,-1872,180
2.5,95,-1920,238
2.5,96,-1784,324
2.5,97,-1844,356
2.5,98,-1744,486
2.5,99,-1780,476
5,0,-52,24
5,1,-648,22
5,2,-836,22
5,3,-856,12
5,4,-776,60
5,5,-704,-100
5,6,-888,-90
5,7,-788,20
5,8,-812,24
5,9,-876,32
5,10,-788,-72
5,11,-792,-16
5,12,-712,-28
5,13,-824,54
5,14,-840,26
5,15,-744,-130
5,16,-712,-112
5,17,-816,8
5,18,-744,-20
5,19,-808,32
5,20,-828,82
5,21,-836,-20
5,22,-764,92
5,23,-808,20
5,24,-768,-44
5,25,-772,12
5,26,-916,40
5,27,-796,-8
5,28,-832,16
5,29,-896,-78
5,30,-732,112
5,31,-784,-50
5,32,-700,32
5,33,-804,26
5,34,-780,-70
5,35,-824,26
5,36,-808,90
5,37,-780,54
5,38,-908,-8
5,39,-768,40
5,40,-772,-88
5,41,-776,-38
5,42,-824,2
5,43,-852,-50
5,44,-876,38
5,45,-720,24
5,46,-812,68
5,47,-796,132
5,48,-692,118
5,49,-772,-74
5,50,-772,12
5,51,-820,-42
5,52,-736,66
5,53,-780,56
5,54,-828,36
5,55,-760,-20
5,56,-716,-68
5,57,-896,10
5,58,-756,-100
5,59,-832,-6
5,60,-824,-58
5,61,-728,-4
5,62,-808,-84
5,63,-752,-68
5,64,-912,-104
5,65,-720,34
5,66,-760,24
5,67,-848,40
5,68,-752,-14
5,69,-740,-72
5,70,-796,-50
5,71,-732,-16
5,72,-744,46
5,73,-812,-66
5,74,-728,-30
5,75,-836,-98
5,76,-796,-12
5,77,-692,42
5,78,-856,-46
5,79,-796,28
5,80,-788,36
5,81,-688,88
5,82,-732,-42
5,83,-876,-200
5,84,-796,-156
5,85,-912,-130
5,86,-732,-2
5,87,-748,-14
5,88,-756,14
5,89,-716,-12
5,90,-752,-98
5,91,-792,16
5,92,-744,80
5,93,-804,-4
5,94,-888,-52
5,95,-780,10
5,96,-784,-34
5,97,-1004,2
5,98,-840,74
5,99,-776,0
0.1,0,-12,70
0.1,1,-2088,50
0.1,2,-2424,54
0.1,3,-2532,44
0.1,4,-2608,68
0.1,5,-2652,80
0.1,6,-2708,28
0.1,7,-2728,42
0.1,8,-2780,128
0.1,9,-2824,144
0.1,10,-2852,146
0.1,11,-2876,246
0.1,12,-2896,302
0.1,13,-2904,334
0.1,14,-2932,422
0.1,15,-2964,488
0.1,16,-2976,520
0.1,17,-2980,520
0.1,18,-2984,550
0.1,19,-2992,574
0.1,20,-3000,640
0.1,21,-3008,672
0.1,22,-3020,724
0.1,23,-3024,782
0.1,24,-3036,854
0.1,25,-3036,874
0.1,26,-3040,908
0.1,27,-3044,928
0.1,28,-3048,996
0.1,29,-3060,1036
0.1,30,-3060,1074
0.1,31,-3064,1090
0.1,32,-3064,1074
0.1,33,-3072,1084
0.1,34,-3072,1066
0.1,35,-3072,1078
0.1,36,-3076,1082
0.1,37,-3076,1102
0.1,38,-3084,1124
0.1,39,-3088,1144
0.1,40,-3088,1156
0.1,41,-3096,1196
0.1,42,-3096,1218
0.1,43,-3108,1272
0.1,44,-3108,1270
0.1,45,-3112,1266
0.1,46,-3116,1300
0.1,47,-3116,1304
0.1,48,-3116,1346
0.1,49,-3124,1374
0.1,50,-3124,1380
0.1,51,-3136,1416
0.1,52,-3144,1450
0.1,53,-3148,1478
0.1,54,-3156,1494
0.1,55,-3164,1526
0.1,56,-3180,1554
0.1,57,-3188,1568
0.1,58,-3204,1592
0.1,59,-3216,1598
0.1,60,-3224,1600
0.1,61,-3224,1600
0.1,62,-3224,1600
0.1,63,-3224,1600
0.1,64,-3224,1600
0.1,65,-3224,1600
0.1,66,-3224,1600
0.1,67,-3224,1600
0.1,68,-3224,1600
0.1,69,-3224,1600
0.1,70,-3224,1600
0.1,71,-3224,1600
0.1,72,-3224,1600
0.1,73,-3224,1600
0.1,74,-3224,1600
0.1,75,-3224,1600
0.1,76,-3224,1600
0.1,77,-3224,1600
0.1,78,-3224,1600
0.1,79,-3224,1600
0.1,80,-3224,1600
0.1,81,-3224,1600
0.1,82,-3224,1600
0.1,83,-3224,1600
0.1,84,-3224,1600
0.1,85,-3224,1600
0.1,86,-3224,1600
0.1,87,-3224,1600
0.1,88,-3224,1600
0.1,89,-3224,1600
0.1,90,-3224,1600
0.1,91,-3224,1600
0.1,92,-3224,1600
0.1,93,-3224,1600
0.1,94,-3224,1600
0.1,95,-3224,1600
0.1,96,-3224,1600
0.1,97,-3224,1600
0.1,98,-3224,1600
0.1,99,-3224,1600
1,0,-16,-64
1,1,-1972,-50
1,2,-2436,-146
1,3,-2592,-66
1,4,-2704,-42
1,5,-2748,-40
1,6,-2788,-24
1,7,-2848,46
1,8,-2868,46
1,9,-2860,90
1,10,-2872,66
1,11,-2896,58
1,12,-2904,74
1,13,-2924,18
1,14,-2928,-6
1,15,-2952,-24
1,16,-2932,-18
1,17,-2940,-30
1,18,-2940,0
1,19,-2956,-6
1,20,-2952,-4
1,21,-2948,20
1,22,-2944,52
1,23,-2964,-10
1,24,-2960,0
1,25,-2980,-20
1,26,-2996,-12
1,27,-2992,4
1,28,-3004,46
1,29,-3000,50
1,30,-2996,46
1,31,-2992,56
1,32,-2980,64
1,33,-2992,80
1,34,-3004,100
1,35,-2992,82
1,36,-3008,44
1,37,-2996,58
1,38,-2992,42
1,39,-3000,42
1,40,-3004,44
1,41,-3008,4
1,42,-3012,36
1,43,-3028,20
1,44,-3032,64
1,45,-3028,54
1,46,-3012,62
1,47,-3020,68
1,48,-3020,98
1,49,-3008,78
1,50,-3012,64
1,51,-3020,90
1,52,-3024,88
1,53,-3020,80
1,54,-3004,116
1,55,-3028,58
1,56,-3024,42
1,57,-3020,22
1,58,-3028,6
1,59,-3036,-24
1,60,-3036,-58
1,61,-3028,-42
1,62,-3040,-78
1,63,-3040,-84
1,64,-3032,-72
1,65,-3028,-60
1,66,-3008,-62
1,67,-3040,-44
1,68,-3032,-40
1,69,-3028,-50
1,70,-3012,-126
1,71,-3028,-96
1,72,-3024,-78
1,73,-3020,-58
1,74,-3020,-40
1,75,-3028,16
1,76,-3036,30
1,77,-3012,36
1,78,-3024,0
1,79,-3024,24
1,80,-3032,16
1,81,-3036,32
1,82,-3032,4
1,83,-3024,4
1,84,-3024,-2
1,85,-3040,10
1,86,-3012,-4
1,87,-3028,18
1,88,-3036,34
1,89,-3012,22
1,90,-3020,0
1,91,-3020,-26
1,92,-2992,-18
1,93,-3012,-82
1,94,-3016,-72
1,95,-3036,-88
1,96,-3032,-92
1,97,-3028,-86
1,98,-3024,-78
1,99,-3036,-82
2.5,0,-80,-42
2.5,1,-1428,-254
2.5,2,-1600,-144
2.5,3,-1776,-132
2.5,4,-1748,-56
2.5,5,-1704,18
2.5,6,-1872,-206
2.5,7,-1908,-210
2.5,8,-1832,-170
2.5,9,-1784,-48
2.5,10,-1896,-78
2.5,11,-1900,-8
2.5,12,-1732,-22
2.5,13,-1880,-66
2.5,14,-1728,42
2.5,15,-1876,72
2.5,16,-1860,12
2.5,17,-1760,136
2.5,18,-1800,266
2.5,19,-1796,382
2.5,20,-1784,402
2.5,21,-1764,306
2.5,22,-1892,358
2.5,23,-1792,436
2.5,24,-1804,340
2.5,25,-1948,376
2.5,26,-1836,436
2.5,27,-1904,476
2.5,28,-2028,616
2.5,29,-2036,580
2.5,30,-1880,498
2.5,31,-1932,518
2.5,32,-1836,570
2.5,33,-1896,546
2.5,34,-1896,656
2.5,35,-1920,662
2.5,36,-1824,416
2.5,37,-1944,486
2.5,38,-1812,394
2.5,39,-1956,386
2.5,40,-1892,454
2.5,41,-2076,602
2.5,42,-2012,598
2.5,43,-2008,436
2.5,44,-1884,356
2.5,45,-1896,208
2.5,46,-1944,234
2.5,47,-1984,168
2.5,48,-1932,216
2.5,49,-1876,324
2.5,50,-1988,324
2.5,51,-1960,288
2.5,52,-1880,292
2.5,53,-1848,162
2.5,54,-1948,172
2.5,55,-1820,216
2.5,56,-1888,276
2.5,57,-1900,130
2.5,58,-1936,194
2.5,59,-1912,194
2.5,60,-1876,186
2.5,61,-1836,222
2.5,62,-1856,248
2.5,63,-1996,200
2.5,64,-1896,176
2.5,65,-1948,294
2.5,66,-1916,216
2.5,67,-1908,176
2.5,68,-1872,54
2.5,69,-1800,116
2.5,70,-1816,136
2.5,71,-1748,296
2.5,72,-1836,246
2.5,73,-1908,250
2.5,74,-1856,44
2.5,75,-1908,158
2.5,76,-1792,208
2.5,77,-1792,194
2.5,78,-1832,228
2.5,79,-1784,164
2.5,80,-1936,202
2.5,81,-1868,116
2.5,82,-1940,68
2.5,83,-1952,64
2.5,84,-2088,132
2.5,85,-2012,54
2.5,86,-1860,84
2.5,87,-1940,178
2.5,88,-1984,144
2.5,89,-2024,178
2.5,90,-2144,234
2.5,91,-2024,300
2.5,92,-2008,308
2.5,93,-1892,216
2.5,94,-1932,224
2.5,95,-2032,176
2.5,96,-1892,194
2.5,97,-1808,96
2.5,98,-1924,90
2.5,99,-1996,60
5,0,64,-12
5,1,-608,-52
5,2,-504,-128
5,3,-508,-30
5,4,-584,-14
5,5,-392,-8
5,6,-476,32
5,7,-556,56
5,8,-672,106
5,9,-568,22
5,10,-512,-108
5,11,-496,20
5,12,-544,-44
5,13,-488,-122
5,14,-652,-88
5,15,-632,-48
5,16,-660,16
5,17,-408,-96
5,18,-552,36
5,19,-528,-78
5,20,-564,-30
5,21,-524,-26
5,22,-648,-52
5,23,-496,-68
5,24,-624,80
5,25,-544,40
5,26,-512,58
5,27,-544,120
5,28,-604,66
5,29,-400,18
5,30,-504,-42
5,31,-624,0
5,32,-580,-66
5,33,-584,58
5,34,-656,-94
5,35,-552,-48
5,36,-588,-8
5,37,-600,-54
5,38,-580,-6
5,39,-556,-50
5,40,-564,20
5,41,-588,14
5,42,-520,28
5,43,-652,70
5,44,-484,-16
5,45,-596,22
5,46,-572,-100
5,47,-464,24
5,48,-604,-22
5,49,-524,8
5,50,-580,-42
5,51,-648,120
5,52,-508,54
5,53,-532,58
5,54,-556,28
5,55,-596,28
5,56,-564,64
5,57,-584,32
5,58,-556,6
5,59,-480,-70
5,60,-572,-178
5,61,-492,-200
5,62,-532,-10
5,63,-564,96
5,64,-536,56
5,65,-532,-66
5,66,-616,76
5,67,-532,30
5,68,-532,-138
5,69,-540,-20
5,70,-512,-36
5,71,-472,-60
5,72,-640,-28
5,73,-464,-16
5,74,-576,-30
5,75,-596,-76
5,76,-556,86
5,77,-476,160
5,78,-568,-16
5,79,-468,2
5,80,-520,22
5,81,-556,-74
5,82,-480,-76
5,83,-592,-66
5,84,-604,-22
5,85,-532,-114
5,86,-544,42
5,87,-672,16
5,88,-500,-18
5,89,-472,-60
5,90,-532,-80
5,91,-496,-30
5,92,-588,12
5,93,-552,-44
5,94,-480,22
5,95,-560,-12
5,96,-596,-82
5,97,-676,26
5,98,-552,52
5,99,-372,42
0.1,0,-28,6
0.1,1,-2144,-140
0.1,2,-2552,-138
0.1,3,-2668,-118
0.1,4,-2716,-76
0.1,5,-2752,-54
0.1,6,-2792,-20
0.1,7,-2820,-12
0.1,8,-2840,-44
0.1,9,-2852,4
0.1,10,-2860,-42
0.1,11,-2876,-2
0.1,12,-2896,-18
0.1,13,-2920,46
0.1,14,-2940,34
0.1,15,-2960,26
0.1,16,-2972,24
0.1,17,-2980,4
0.1,18,-2980,-18
0.1,19,-2980,-8
0.1,20,-2996,-52
0.1,21,-3000,-28
0.1,22,-3016,14
0.1,23,-3020,-14
0.1,24,-3024,-12
0.1,25,-3028,-36
0.1,26,-3028,-38
0.1,27,-3028,-46
0.1,28,-3032,-78
0.1,29,-3032,-82
0.1,30,-3040,-92
0.1,31,-3048,-96
0.1,32,-3048,-106
0.1,33,-3060,-92
0.1,34,-3060,-96
0.1,35,-3060,-104
0.1,36,-3060,-92
0.1,37,-3060,-92
0.1,38,-3060,-112
0.1,39,-3060,-114
0.1,40,-3060,-106
0.1,41,-3060,-92
0.1,42,-3060,-88
0.1,43,-3060,-82
0.1,44,-3064,-92
0.1,45,-3064,-94
0.1,46,-3068,-60
0.1,47,-3068,-68
0.1,48,-3068,-74
0.1,49,-3068,-80
0.1,50,-3068,-72
0.1,51,-3068,-66
0.1,52,-3068,-56
0.1,53,-3076,-66
0.1,54,-3076,-78
0.1,55,-3076,-96
0.1,56,-3076,-94
0.1,57,-3076,-92
0.1,58,-3076,-82
0.1,59,-3076,-66
0.1,60,-3076,-72
0.1,61,-3076,-72
0.1,62,-3076,-62
0.1,63,-3076,-64
0.1,64,-3080,-84
0.1,65,-3080,-92
0.1,66,-3084,-98
0.1,67,-3084,-88
0.1,68,-3084,-94
0.1,69,-3088,-98
0.1,70,-3088,-102
0.1,71,-3088,-98
0.1,72,-3088,-122
0.1,73,-3092,-128
0.1,74,-3092,-126
0.1,75,-3092,-118
0.1,76,-3092,-120
0.1,77,-3092,-122
0.1,78,-3092,-100
0.1,79,-3092,-94
0.1,80,-3092,-112
0.1,81,-3092,-110
0.1,82,-3092,-104
0.1,83,-3092,-110
0.1,84,-3092,-100
0.1,85,-3092,-96
0.1,86,-3092,-90
0.1,87,-3092,-94
0.1,88,-3092,-92
0.1,89,-3092,-92
0.1,90,-3092,-98
0.1,91,-3092,-90
0.1,92,-3092,-90
0.1,93,-3092,-88
0.1,94,-3092,-100
0.1,95,-3092,-96
0.1,96,-3092,-102
0.1,97,-3092,-108
0.1,98,-3092,-104
0.1,99,-3092,-116
1,0,64,34
1,1,-1840,76
1,2,-2276,72
1,3,-2496,42
1,4,-2544,114
1,5,-2556,136
1,6,-2584,88
1,7,-2604,108
1,8,-2624,134
1,9,-2632,128
1,10,-2648,124
1,11,-2672,130
1,12,-2684,140
1,13,-2700,78
1,14,-2700,72
1,15,-2708,102
1,16,-2700,142
1,17,-2712,108
1,18,-2720,68
1,19,-2728,56
1,20,-2744,-20
1,21,-2740,8
1,22,-2740,-10
1,23,-2728,-12
1,24,-2736,-70
1,25,-2744,-72
1,26,-2736,-116
1,27,-2748,-140
1,28,-2756,-170
1,29,-2760,-294
1,30,-2768,-326
1,31,-2784,-398
1,32,-2768,-432
1,33,-2800,-470
1,34,-2780,-506
1,35,-2788,-516
1,36,-2792,-580
1,37,-2808,-580
1,38,-2800,-558
1,39,-2808,-584
1,40,-2804,-630
1,41,-2824,-632
1,42,-2812,-670
1,43,-2824,-658
1,44,-2820,-710
1,45,-2820,-778
1,46,-2820,-784
1,47,-2836,-790
1,48,-2844,-838
1,49,-2852,-876
1,50,-2856,-888
1,51,-2836,-900
1,52,-2852,-894
1,53,-2848,-906
1,54,-2852,-968
1,55,-2868,-988
1,56,-2872,-992
1,57,-2876,-1004
1,58,-2880,-1014
1,59,-2852,-1018
1,60,-2868,-1072
1,61,-2900,-1112
1,62,-2904,-1148
1,63,-2900,-1170
1,64,-2896,-1180
1,65,-2908,-1190
1,66,-2900,-1224
1,67,-2920,-1230
1,68,-2928,-1262
1,69,-2932,-1300
1,70,-2932,-1330
1,71,-2936,-1342
1,72,-2948,-1370
1,73,-2948,-1376
1,74,-2948,-1390
1,75,-2948,-1390
1,76,-2960,-1398
1,77,-2956,-1400
1,78,-2968,-1396
1,79,-2956,-1404
1,80,-2972,-1412
1,81,-2976,-1414
1,82,-2976,-1412
1,83,-2980,-1432
1,84,-2988,-1450
1,85,-2988,-1466
1,86,-2988,-1496
1,87,-3000,-1506
1,88,-3016,-1556
1,89,-3008,-1572
1,90,-3064,-1600
1,91,-3064,-1600
1,92,-3048,-1596
1,93,-3064,-1600
1,94,-3064,-1600
1,95,-3064,-1600
1,96,-3056,-1598
1,97,-3052,-1596
1,98,-3064,-1600
1,99,-3048,-1596
2.5,0,20,-20
2.5,1,-1352,-118
2.5,2,-1520,-182
2.5,3,-1376,-114
2.5,4,-1564,-64
2.5,5,-1412,-4
2.5,6,-1480,-72
2.5,7,-1568,-152
2.5,8,-1684,-190
2.5,9,-1592,-126
2.5,10,-1676,-178
2.5,11,-1768,-264
2.5,12,-1692,-320
2.5,13,-1680,-298
2.5,14,-1588,-272
2.5,15,-1680,-328
2.5,16,-1828,-412
2.5,17,-1756,-328
2.5,18,-1752,-342
2.5,19,-1728,-260
2.5,20,-1756,-422
2.5,21,-1716,-450
2.5,22,-1584,-436
2.5,23,-1772,-480
2.5,24,-1752,-446
2.5,25,-1688,-500
2.5,26,-1752,-520
2.5,27,-1696,-362
2.5,28,-1716,-370
2.5,29,-1688,-414
2.5,30,-1836,-492
2.5,31,-1780,-372
2.5,32,-1808,-386
2.5,33,-1876,-434
2.5,34,-1852,-576
2.5,35,-1556,-398
2.5,36,-1632,-350
2.5,37,-1784,-382
2.5,38,-1792,-374
2.5,39,-1940,-392
2.5,40,-1820,-406
2.5,41,-1876,-388
2.5,42,-1780,-426
2.5,43,-1844,-554
2.5,44,-1848,-512
2.5,45,-1704,-482
2.5,46,-1760,-524
2.5,47,-1796,-434
2.5,48,-1720,-410
2.5,49,-1764,-448
2.5,50,-1680,-384
2.5,51,-1772,-330
2.5,52,-1752,-302
2.5,53,-1724,-118
2.5,54,-1672,-90
2.5,55,-1752,-38
2.5,56,-1720,-60
2.5,57,-1704,-180
2.5,58,-1780,-228
2.5,59,-1728,-330
2.5,60,-1660,-372
2.5,61,-1808,-356
2.5,62,-1788,-332
2.5,63,-1716,-320
2.5,64,-1792,-316
2.5,65,-1744,-420
2.5,66,-1604,-410
2.5,67,-1816,-404
2.5,68,-1760,-388
2.5,69,-1720,-296
2.5,70,-1688,-182
2.5,71,-1704,-134
2.5,72,-1688,-82
2.5,73,-1888,-110
2.5,74,-1832,-76
2.5,75,-1712,-102
2.5,76,-1744,-130
2.5,77,-1848,-138
2.5,78,-1660,16
2.5,79,-1740,-60
2.5,80,-1772,-16
2.5,81,-1864,-36
2.5,82,-1792,-4
2.5,83,-1676,-32
2.5,84,-1724,-120
2.5,85,-1604,12
2.5,86,-1688,166
2.5,87,-1808,196
2.5,88,-1716,124
2.5,89,-1832,38
2.5,90,-1732,6
2.5,91,-1732,-10
2.5,92,-1612,-22
2.5,93,-1668,22
2.5,94,-1656,-138
2.5,95,-1764,-184
2.5,96,-1684,-168
2.5,97,-1700,-206
2.5,98,-1808,-156
2.5,99,-1876,-196
5,0,104,-14
5,1,-444,-140
5,2,-544,-34
5,3,-504,82
5,4,-468,82
5,5,-540,-40
5,6,-500,22
5,7,-512,18
5,8,-484,42
5,9,-404,14
5,10,-548,6
5,11,-504,-126
5,12,-520,-72
5,13,-416,54
5,14,-512,46
5,15,-540,-14
5,16,-368,0
5,17,-424,130
5,18,-384,42
5,19,-428,6
5,20,-460,-124
5,21,-496,-128
5,22,-372,26
5,23,-528,102
5,24,-304,-98
5,25,-492,-10
5,26,-368,-96
5,27,-468,32
5,28,-352,82
5,29,-400,12
5,30,-616,-38
5,31,-484,68
5,32,-480,32
5,33,-544,-56
5,34,-448,74
5,35,-408,50
5,36,-540,62
5,37,-464,-108
5,38,-496,136
5,39,-584,58
5,40,-432,38
5,41,-516,-10
5,42,-356,-24
5,43,-488,38
5,44,-500,-66
5,45,-512,-18
5,46,-384,-10
5,47,-480,-36
5,48,-552,26
5,49,-428,-78
5,50,-508,30
5,51,-412,-46
5,52,-492,12
5,53,-456,-16
5,54,-412,-128
5,55,-432,56
5,56,-472,16
5,57,-516,52
5,58,-600,-124
5,59,-352,40
5,60,-500,118
5,61,-480,-80
5,62,-468,32
5,63,-440,26
5,64,-360,-130
5,65,-496,-66
5,66,-312,-22
5,67,-452,-82
5,68,-416,-44
5,69,-548,58
5,70,-588,-58
5,71,-448,86
5,72,-384,-30
5,73,-404,38
5,74,-476,44
5,75,-416,-66
5,76,-556,-104
5,77,-356,-66
5,78,-492,42
5,79,-408,24
5,80,-524,26
5,81,-428,-16
5,82,-468,80
5,83,-528,-18
5,84,-512,6
5,85,-492,-14
5,86,-468,132
5,87,-440,104
5,88,-520,6
5,89,-348,-112
5,90,-404,22
5,91,-476,10
5,92,-464,24
5,93,-504,-118
5,94,-496,-84
5,95,-492,34
5,96,-692,86
5,97,-512,-40
5,98,-544,88
5,99,-372,12
0.1,0,-80,20
0.1,1,-2208,158
0.1,2,-2572,224
0.1,3,-2680,248
0.1,4,-2772,302
0.1,5,-2868,256
0.1,6,-2904,240
0.1,7,-2960,310
0.1,8,-2988,342
0.1,9,-2988,370
0.1,10,-3012,464
0.1,11,-3028,426
0.1,12,-3040,432
0.1,13,-3048,438
0.1,14,-3048,518
0.1,15,-3052,540
0.1,16,-3056,510
0.1,17,-3056,474
0.1,18,-3056,500
0.1,19,-3068,512
0.1,20,-3076,500
0.1,21,-3088,560
0.1,22,-3088,588
0.1,23,-3088,640
0.1,24,-3096,624
0.1,25,-3100,626
0.1,26,-3100,638
0.1,27,-3104,640
0.1,28,-3104,672
0.1,29,-3112,708
0.1,30,-3112,732
0.1,31,-3116,698
0.1,32,-3116,696
0.1,33,-3120,672
0.1,34,-3124,636
0.1,35,-3132,688
0.1,36,-3132,714
0.1,37,-3132,752
0.1,38,-3144,806
0.1,39,-3152,830
0.1,40,-3156,874
0.1,41,-3164,898
0.1,42,-3176,924
0.1,43,-3180,972
0.1,44,-3180,952
0.1,45,-3184,982
0.1,46,-3188,1026
0.1,47,-3192,1072
0.1,48,-3200,1054
0.1,49,-3208,1088
0.1,50,-3208,1096
0.1,51,-3208,1124
0.1,52,-3212,1124
0.1,53,-3212,1158
0.1,54,-3212,1162
0.1,55,-3216,1162
0.1,56,-3216,1184
0.1,57,-3220,1210
0.1,58,-3224,1270
0.1,59,-3228,1286
0.1,60,-3232,1288
0.1,61,-3240,1330
0.1,62,-3248,1370
0.1,63,-3252,1408
0.1,64,-3260,1430
0.1,65,-3264,1450
0.1,66,-3280,1500
0.1,67,-3296,1524
0.1,68,-3312,1568
0.1,69,-3340,1596
0.1,70,-3352,1600
0.1,71,-3352,1600
0.1,72,-3352,1600
0.1,73,-3352,1600
0.1,74,-3352,1600
0.1,75,-3352,1600
0.1,76,-3352,1600
0.1,77,-3352,1600
0.1,78,-3352,1600
0.1,79,-3352,1600
0.1,80,-3352,1600
0.1,81,-3352,1600
0.1,82,-3352,1600
0.1,83,-3352,1600
0.1,84,-3352,1600
0.1,85,-3352,1600
0.1,86,-3352,1600
0.1,87,-3352,1600
0.1,88,-3352,1600
0.1,89,-3352,1600
0.1,90,-3352,1600
0.1,91,-3352,1600
0.1,92,-3352,1600
0.1,93,-3352,1600
0.1,94,-3352,1600
0.1,95,-3352,1600
0.1,96,-3352,1600
0.1,97,-3352,1600
0.1,98,-3352,1600
0.1,99,-3352,1600
1,0,44,34
1,1,-1896,-36
1,2,-2368,-28
1,3,-2464,16
1,4,-2568,-16
1,5,-2612,-100
1,6,-2624,-88
1,7,-2676,-72
1,8,-2696,-22
1,9,-2696,30
1,10,-2728,124
1,11,-2744,166
1,12,-2752,156
1,13,-2776,178
1,14,-2764,190
1,15,-2764,198
1,16,-2764,202
1,17,-2776,282
1,18,-2792,274
1,19,-2796,268
1,20,-2784,286
1,21,-2800,260
1,22,-2808,296
1,23,-2820,322
1,24,-2804,362
1,25,-2812,404
1,26,-2824,392
1,27,-2832,432
1,28,-2848,416
1,29,-2832,448
1,30,-2824,472
1,31,-2840,480
1,32,-2840,526
1,33,-2840,578
1,34,-2848,602
1,35,-2844,618
1,36,-2844,664
1,37,-2856,684
1,38,-2856,720
1,39,-2872,784
1,40,-2864,802
1,41,-2864,812
1,42,-2884,824
1,43,-2876,838
1,44,-2876,816
1,45,-2884,832
1,46,-2888,806
1,47,-2884,822
1,48,-2880,886
1,49,-2892,924
1,50,-2904,962
1,51,-2896,1008
1,52,-2904,984
1,53,-2920,1024
1,54,-2920,1062
1,55,-2908,1080
1,56,-2932,1048
1,57,-2928,1080
1,58,-2940,1104
1,59,-2932,1088
1,60,-2944,1128
1,61,-2936,1182
1,62,-2940,1220
1,63,-2964,1260
1,64,-2972,1290
1,65,-2968,1324
1,66,-2988,1358
1,67,-3000,1374
1,68,-2992,1374
1,69,-3012,1414
1,70,-3016,1424
1,71,-3012,1442
1,72,-3016,1466
1,73,-3032,1484
1,74,-3040,1508
1,75,-3060,1542
1,76,-3068,1568
1,77,-3084,1588
1,78,-3092,1594
1,79,-3112,1600
1,80,-3112,1600
1,81,-3112,1600
1,82,-3112,1600
1,83,-3112,1600
1,84,-3104,1598
1,85,-3096,1596
1,86,-3112,1600
1,87,-3104,1598
1,88,-3112,1600
1,89,-3112,1600
1,90,-3112,1600
1,91,-3112,1600
1,92,-3112,1600
1,93,-3112,1600
1,94,-3104,1598
1,95,-3112,1600
1,96,-3104,1598
1,97,-3112,1600
1,98,-3112,1600
1,99,-3112,1600
2.5,0,-8,28
2.5,1,-1512,18
2.5,2,-1544,32
2.5,3,-1704,44
2.5,4,-1772,108
2.5,5,-1776,62
2.5,6,-1772,-42
2.5,7,-1824,8
2.5,8,-1788,-28
2.5,9,-1720,-32
2.5,10,-1616,-36
2.5,11,-1892,-124
2.5,12,-1952,-172
2.5,13,-1764,-346
2.5,14,-1788,-278
2.5,15,-1648,-202
2.5,16,-1712,-264
2.5,17,-1656,-200
2.5,18,-1704,-226
2.5,19,-1660,-222
2.5,20,-1800,-384
2.5,21,-1744,-390
2.5,22,-1776,-342
2.5,23,-1840,-404
2.5,24,-1812,-468
2.5,25,-1788,-406
2.5,26,-1808,-282
2.5,27,-1712,-148
2.5,28,-1772,-248
2.5,29,-1744,-182
2.5,30,-1804,-198
2.5,31,-1852,-190
2.5,32,-1868,-174
2.5,33,-1744,-124
2.5,34,-1668,-34
2.5,35,-1664,-16
2.5,36,-1684,-162
2.5,37,-1668,-176
2.5,38,-1824,-36
2.5,39,-1732,-92
2.5,40,-1880,-144
2.5,41,-1808,-318
2.5,42,-1896,-472
2.5,43,-1840,-350
2.5,44,-1856,-378
2.5,45,-1868,-272
2.5,46,-1820,-134
2.5,47,-1680,-186
2.5,48,-1548,28
2.5,49,-1480,-32
2.5,50,-1652,-66
2.5,51,-1796,60
2.5,52,-1804,24
2.5,53,-1768,-12
2.5,54,-1784,202
2.5,55,-1672,176
2.5,56,-1688,162
2.5,57,-1668,98
2.5,58,-1680,38
2.5,59,-1828,56
2.5,60,-1788,24
2.5,61,-1940,-148
2.5,62,-1864,-126
2.5,63,-1880,-172
2.5,64,-1828,-120
2.5,65,-1768,-130
2.5,66,-1672,-112
2.5,67,-1684,-78
2.5,68,-1784,-32
2.5,69,-1764,-66
2.5,70,-1916,-124
2.5,71,-1812,-264
2.5,72,-1848,-248
2.5,73,-1796,-192
2.5,74,-1604,-296
2.5,75,-1608,-318
2.5,76,-1856,-390
2.5,77,-1824,-478
2.5,78,-1812,-408
2.5,79,-1756,-370
2.5,80,-1624,-344
2.5,81,-1516,-428
2.5,82,-1720,-542
2.5,83,-1692,-494
2.5,84,-1800,-692
2.5,85,-1664,-552
2.5,86,-1824,-566
2.5,87,-1812,-586
2.5,88,-1788,-538
2.5,89,-1816,-476
2.5,90,-1724,-534
2.5,91,-1776,-584
2.5,92,-1920,-776
2.5,93,-1852,-858
2.5,94,-2000,-924
2.5,95,-1900,-856
2.5,96,-2080,-966
2.5,97,-2008,-1040
2.5,98,-1980,-1020
2.5,99,-2148,-1064
5,0,-36,-64
5,1,-672,-16
5,2,-760,66
5,3,-944,-26
5,4,-856,-82
5,5,-760,54
5,6,-780,-38
5,7,-796,74
5,8,-660,96
5,9,-732,-68
5,10,-744,-72
5,11,-676,-60
5,12,-652,58
5,13,-720,-22
5,14,-820,-50
5,15,-768,-28
5,16,-792,-26
5,17,-788,-96
5,18,-764,32
5,19,-724,-32
5,20,-668,24
5,21,-716,-42
5,22,-764,-52
5,23,-652,50
5,24,-740,-54
5,25,-692,24
5,26,-692,-42
5,27,-772,24
5,28,-748,-56
5,29,-636,126
5,30,-624,158
5,31,-708,-12
5,32,-808,18
5,33,-732,-80
5,34,-772,-4
5,35,-916,-104
5,36,-780,-130
5,37,-852,-90
5,38,-796,-38
5,39,-720,6
5,40,-756,68
5,41,-816,110
5,42,-768,42
5,43,-808,22
5,44,-728,-82
5,45,-696,-92
5,46,-728,28
5,47,-680,36
5,48,-756,56
5,49,-640,-36
5,50,-808,14
5,51,-740,102
5,52,-780,44
5,53,-716,-32
5,54,-780,-134
5,55,-792,50
5,56,-740,-62
5,57,-704,-126
5,58,-768,-10
5,59,-648,-46
5,60,-816,82
5,61,-740,-148
5,62,-832,46
5,63,-760,100
5,64,-768,14
5,65,-816,32
5,66,-680,-40
5,67,-684,-38
5,68,-784,-14
5,69,-884,44
5,70,-712,-34
5,71,-716,-16
5,72,-792,66
5,73,-820,100
5,74,-816,24
5,75,-752,-118
5,76,-732,60
5,77,-708,-112
5,78,-756,-34
5,79,-796,-10
5,80,-736,-14
5,81,-732,32
5,82,-716,74
5,83,-668,30
5,84,-796,-84
5,85,-688,18
5,86,-660,2
5,87,-748,-38
5,88,-728,-60
5,89,-664,-70
5,90,-728,-134
5,91,-828,60
5,92,-676,-38
5,93,-808,-50
5,94,-768,6
5,95,-640,-42
5,96,-760,-8
5,97,-872,22
5,98,-816,54
5,99,-664,-64
0.1,0,36,-4
0.1,1,-1956,-70
0.1,2,-2356,-106
0.1,3,-2488,-116
0.1,4,-2660,-226
0.1,5,-2740,-240
0.1,6,-2780,-306
0.1,7,-2792,-316
0.1,8,-2824,-330
0.1,9,-2828,-316
0.1,10,-2840,-304
0.1,11,-2844,-346
0.1,12,-2852,-310
0.1,13,-2856,-316
0.1,14,-2864,-346
0.1,15,-2868,-330
0.1,16,-2872,-358
0.1,17,-2880,-366
0.1,18,-2888,-378
0.1,19,-2888,-370
0.1,20,-2888,-374
0.1,21,-2888,-416
0.1,22,-2888,-434
0.1,23,-2888,-470
0.1,24,-2896,-528
0.1,25,-2896,-558
0.1,26,-2896,-598
0.1,27,-2900,-602
0.1,28,-2904,-600
0.1,29,-2912,-596
0.1,30,-2912,-634
0.1,31,-2920,-678
0.1,32,-2924,-742
0.1,33,-2928,-720
0.1,34,-2932,-746
0.1,35,-2936,-774
0.1,36,-2940,-790
0.1,37,-2948,-828
0.1,38,-2952,-856
0.1,39,-2952,-882
0.1,40,-2960,-906
0.1,41,-2960,-886
0.1,42,-2960,-922
0.1,43,-2964,-932
0.1,44,-2964,-970
0.1,45,-2964,-976
0.1,46,-2964,-982
0.1,47,-2968,-1010
0.1,48,-2972,-1006
0.1,49,-2976,-1048
0.1,50,-2976,-1076
0.1,51,-2980,-1078
0.1,52,-2992,-1130
0.1,53,-2996,-1138
0.1,54,-2996,-1168
0.1,55,-2996,-1192
0.1,56,-3000,-1208
0.1,57,-3000,-1228
0.1,58,-3008,-1270
0.1,59,-3016,-1284
0.1,60,-3016,-1298
0.1,61,-3020,-1310
0.1,62,-3020,-1348
0.1,63,-3028,-1386
0.1,64,-3036,-1406
0.1,65,-3040,-1418
0.1,66,-3052,-1444
0.1,67,-3052,-1438
0.1,68,-3056,-1456
0.1,69,-3060,-1476
0.1,70,-3060,-1494
0.1,71,-3068,-1504
0.1,72,-3080,-1542
0.1,73,-3092,-1566
0.1,74,-3104,-1594
0.1,75,-3128,-1600
0.1,76,-3128,-1600
0.1,77,-3128,-1600
0.1,78,-3128,-1600
0.1,79,-3128,-1600
0.1,80,-3128,-1600
0.1,81,-3128,-1600
0.1,82,-3128,-1600
0.1,83,-3128,-1600
0.1,84,-3128,-1600
0.1,85,-3128,-1600
0.1,86,-3128,-1600
0.1,87,-3128,-1600
0.1,88,-3128,-1600
0.1,89,-3128,-1600
0.1,90,-3128,-1600
0.1,91,-3128,-1600
0.1,92,-3128,-1600
0.1,93,-3128,-1600
0.1,94,-3128,-1600
0.1,95,-3128,-1600
0.1,96,-3128,-1600
0.1,97,-3128,-1600
0.1,98,-3128,-1600
0.1,99,-3128,-1600
1,0,-92,30
1,1,-2200,200
1,2,-2644,190
1,3,-2788,136
1,4,-2856,136
1,5,-2956,136
1,6,-2956,158
1,7,-2976,98
1,8,-2988,130
1,9,-2996,120
1,10,-3000,18
1,11,-3040,-16
1,12,-3036,-48
1,13,-3064,-86
1,14,-3056,-176
1,15,-3064,-222
1,16,-3096,-242
1,17,-3092,-278
1,18,-3096,-270
1,19,-3104,-294
1,20,-3124,-284
1,21,-3104,-264
1,22,-3108,-260
1,23,-3120,-298
1,24,-3128,-322
1,25,-3132,-328
1,26,-3152,-368
1,27,-3128,-370
1,28,-3136,-390
1,29,-3132,-414
1,30,-3144,-402
1,31,-3144,-462
1,32,-3148,-460
1,33,-3164,-464
1,34,-3152,-498
1,35,-3156,-534
1,36,-3164,-594
1,37,-3160,-548
1,38,-3152,-548
1,39,-3148,-548
1,40,-3136,-588
1,41,-3164,-580
1,42,-3164,-594
1,43,-3176,-642
1,44,-3176,-652
1,45,-3180,-698
1,46,-3184,-728
1,47,-3184,-792
1,48,-3180,-810
1,49,-3184,-856
1,50,-3188,-908
1,51,-3204,-934
1,52,-3220,-988
1,53,-3216,-1020
1,54,-3216,-1018
1,55,-3228,-1060
1,56,-3220,-1056
1,57,-3216,-1088
1,58,-3232,-1104
1,59,-3236,-1124
1,60,-3216,-1140
1,61,-3252,-1164
1,62,-3240,-1198
1,63,-3256,-1206
1,64,-3240,-1204
1,65,-3256,-1232
1,66,-3248,-1264
1,67,-3256,-1294
1,68,-3264,-1300
1,69,-3268,-1338
1,70,-3280,-1370
1,71,-3288,-1372
1,72,-3276,-1416
1,73,-3292,-1438
1,74,-3308,-1470
1,75,-3284,-1460
1,76,-3312,-1500
1,77,-3308,-1504
1,78,-3312,-1500
1,79,-3316,-1502
1,80,-3316,-1512
1,81,-3320,-1526
1,82,-3336,-1556
1,83,-3356,-1578
1,84,-3348,-1586
1,85,-3376,-1598
1,86,-3368,-1596
1,87,-3376,-1598
1,88,-3384,-1600
1,89,-3384,-1600
1,90,-3384,-1600
1,91,-3384,-1600
1,92,-3368,-1596
1,93,-3368,-1596
1,94,-3384,-1600
1,95,-3376,-1598
1,96,-3384,-1600
1,97,-3384,-1600
1,98,-3384,-1600
1,99,-3384,-1600
2.5,0,-48,-102
2.5,1,-1532,-20
2.5,2,-1628,-48
2.5,3,-1708,-38
2.5,4,-1808,106
2.5,5,-1808,190
2.5,6,-1848,234
2.5,7,-1892,284
2.5,8,-1796,330
2.5,9,-1804,248
2.5,10,-1836,278
2.5,11,-1944,328
2.5,12,-1880,356
2.5,13,-1844,296
2.5,14,-1848,372
2.5,15,-1912,270
2.5,16,-1940,340
2.5,17,-1888,336
2.5,18,-1868,384
2.5,19,-1880,328
2.5,20,-1824,306
2.5,21,-1768,282
2.5,22,-1756,326
2.5,23,-1792,380
2.5,24,-1780,252
2.5,25,-1812,218
2.5,26,-1876,186
2.5,27,-1804,178
2.5,28,-1792,282
2.5,29,-1780,146
2.5,30,-1720,244
2.5,31,-1688,232
2.5,32,-1612,210
2.5,33,-1688,144
2.5,34,-1864,262
2.5,35,-1916,262
2.5,36,-1820,198
2.5,37,-1980,216
2.5,38,-1824,200
2.5,39,-1860,244
2.5,40,-1732,146
2.5,41,-1776,260
2.5,42,-1752,314
2.5,43,-1724,366
2.5,44,-1740,314
2.5,45,-1840,264
2.5,46,-1836,274
2.5,47,-1940,280
2.5,48,-1760,244
2.5,49,-1908,266
2.5,50,-2012,336
2.5,51,-1848,242
2.5,52,-1728,216
2.5,53,-1864,90
2.5,54,-1868,166
2.5,55,-1940,198
2.5,56,-1968,190
2.5,57,-1916,-26
2.5,58,-1792,-36
2.5,59,-1888,-106
2.5,60,-1752,6
2.5,61,-1812,84
2.5,62,-1932,106
2.5,63,-1760,-42
2.5,64,-1784,56
2.5,65,-1696,44
2.5,66,-1728,-48
2.5,67,-1780,-36
2.5,68,-1884,-102
2.5,69,-1804,-12
2.5,70,-1872,108
2.5,71,-1976,58
2.5,72,-1816,46
2.5,73,-1848,-114
2.5,74,-1792,-54
2.5,75,-1908,-100
2.5,76,-1836,-116
2.5,77,-1880,-120
2.5,78,-1868,-104
2.5,79,-2032,-132
2.5,80,-1864,-68
2.5,81,-1816,-34
2.5,82,-1724,68
2.5,83,-1764,110
2.5,84,-1868,314
2.5,85,-1768,186
2.5,86,-1892,288
2.5,87,-1728,404
2.5,88,-1780,292
2.5,89,-1824,406
2.5,90,-1828,424
2.5,91,-1852,384
2.5,92,-1812,388
2.5,93,-1856,436
2.5,94,-1764,412
2.5,95,-1920,270
2.5,96,-1884,158
2.5,97,-1816,-56
2.5,98,-1944,-138
2.5,99,-1888,-46
5,0,16,-12
5,1,-724,48
5,2,-668,22
5,3,-724,68
5,4,-624,-22
5,5,-660,40
5,6,-648,34
5,7,-648,-72
5,8,-724,12
5,9,-676,98
5,10,-556,64
5,11,-700,-28
5,12,-600,-24
5,13,-684,-62
5,14,-744,22
5,15,-564,-74
5,16,-628,20
5,17,-676,80
5,18,-712,18
5,19,-596,-104
5,20,-616,-54
5,21,-632,-86
5,22,-676,0
5,23,-568,-34
5,24,-632,26
5,25,-640,-32
5,26,-648,-180
5,27,-708,-92
5,28,-748,-98
5,29,-676,-104
5,30,-756,-76
5,31,-572,70
5,32,-632,4
5,33,-660,-38
5,34,-700,-88
5,35,-628,86
5,36,-704,36
5,37,-664,24
5,38,-760,-70
5,39,-640,-80
5,40,-640,-16
5,41,-716,6
5,42,-628,30
5,43,-740,-44
5,44,-600,48
5,45,-616,-40
5,46,-620,66
5,47,-656,-30
5,48,-648,24
5,49,-700,-96
5,50,-648,-80
5,51,-712,-32
5,52,-616,-6
5,53,-816,78
5,54,-592,110
5,55,-548,56
5,56,-748,14
5,57,-572,86
5,58,-688,32
5,59,-652,2
5,60,-616,8
5,61,-708,-182
5,62,-708,-66
5,63,-716,102
5,64,-612,60
5,65,-592,-72
5,66,-636,-90
5,67,-584,-32
5,68,-612,-36
5,69,-596,94
5,70,-564,-24
5,71,-680,-42
5,72,-596,20
5,73,-568,32
5,74,-768,-50
5,75,-512,-60
5,76,-684,32
5,77,-600,54
5,78,-640,12
5,79,-704,60
5,80,-744,16
5,81,-624,160
5,82,-596,-50
5,83,-572,62
5,84,-668,-58
5,85,-724,-52
5,86,-652,62
5,87,-616,34
5,88,-572,-12
5,89,-756,86
5,90,-536,30
5,91,-740,124
5,92,-580,96
5,93,-640,176
5,94,-592,-14
5,95,-716,-12
5,96,-604,12
5,97,-660,2
5,98,-724,4
5,99,-712,-120
0.1,0,44,20
0.1,1,-2104,76
0.1,2,-2488,-76
0.1,3,-2572,-66
0.1,4,-2620,-72
0.1,5,-2648,-84
0.1,6,-2668,-104
0.1,7,-2700,-126
0.1,8,-2708,-148
0.1,9,-2716,-194
0.1,10,-2728,-214
0.1,11,-2732,-244
0.1,12,-2744,-276
0.1,13,-2748,-278
0.1,14,-2772,-306
0.1,15,-2784,-318
0.1,16,-2792,-336
0.1,17,-2804,-382
0.1,18,-2808,-442
0.1,19,-2820,-464
0.1,20,-2824,-486
0.1,21,-2840,-524
0.1,22,-2844,-534
0.1,23,-2852,-516
0.1,24,-2864,-514
0.1,25,-2868,-544
0.1,26,-2868,-582
0.1,27,-2872,-618
0.1,28,-2872,-650
0.1,29,-2880,-696
0.1,30,-2888,-722
0.1,31,-2900,-716
0.1,32,-2904,-708
0.1,33,-2908,-732
0.1,34,-2908,-720
0.1,35,-2912,-712
0.1,36,-2912,-760
0.1,37,-2912,-758
0.1,38,-2920,-796
0.1,39,-2924,-856
0.1,40,-2924,-822
0.1,41,-2928,-838
0.1,42,-2928,-888
0.1,43,-2932,-912
0.1,44,-2940,-950
0.1,45,-2944,-950
0.1,46,-2944,-940
0.1,47,-2952,-972
0.1,48,-2952,-976
0.1,49,-2952,-976
0.1,50,-2956,-992
0.1,51,-2960,-1022
0.1,52,-2964,-1022
0.1,53,-2964,-1054
0.1,54,-2964,-1058
0.1,55,-2968,-1110
0.1,56,-2968,-1142
0.1,57,-2972,-1140
0.1,58,-2980,-1158
0.1,59,-2980,-1186
0.1,60,-2992,-1240
0.1,61,-2992,-1278
0.1,62,-2996,-1294
0.1,63,-2996,-1308
0.1,64,-3000,-1350
0.1,65,-3008,-1352
0.1,66,-3008,-1364
0.1,67,-3008,-1366
0.1,68,-3016,-1402
0.1,69,-3020,-1410
0.1,70,-3024,-1420
0.1,71,-3032,-1460
0.1,72,-3040,-1504
0.1,73,-3048,-1506
0.1,74,-3052,-1528
0.1,75,-3068,-1570
0.1,76,-3096,-1592
0.1,77,-3112,-1600
0.1,78,-3112,-1600
0.1,79,-3112,-1600
0.1,80,-3112,-1600
0.1,81,-3112,-1600
0.1,82,-3112,-1600
0.1,83,-3112,-1600
0.1,84,-3112,-1600
0.1,85,-3112,-1600
0.1,86,-3112,-1600
0.1,87,-3112,-1600
0.1,88,-3112,-1600
0.1,89,-3112,-1600
0.1,90,-3112,-1600
0.1,91,-3112,-1600
0.1,92,-3112,-1600
0.1,93,-3112,-1600
0.1,94,-3112,-1600
0.1,95,-3112,-1600
0.1,96,-3112,-1600
0.1,97,-3112,-1600
0.1,98,-3112,-1600
0.1,99,-3112,-1600
1,0,36,-64
1,1,-1888,-228
1,2,-2348,-282
1,3,-2500,-336
1,4,-2556,-404
1,5,-2572,-342
1,6,-2624,-322
1,7,-2648,-298
1,8,-2640,-282
1,9,-2640,-316
1,10,-2668,-270
1,11,-2696,-308
1,12,-2732,-310
1,13,-2732,-338
1,14,-2756,-368
1,15,-2756,-432
1,16,-2820,-428
1,17,-2804,-358
1,18,-2824,-348
1,19,-2800,-358
1,20,-2828,-316
1,21,-2836,-294
1,22,-2832,-340
1,23,-2824,-328
1,24,-2820,-310
1,25,-2836,-314
1,26,-2832,-300
1,27,-2832,-252
1,28,-2840,-236
1,29,-2836,-212
1,30,-2820,-170
1,31,-2828,-142
1,32,-2836,-128
1,33,-2840,-72
1,34,-2828,14
1,35,-2844,86
1,36,-2840,142
1,37,-2852,166
1,38,-2860,180
1,39,-2848,196
1,40,-2872,226
1,41,-2856,212
1,42,-2868,210
1,43,-2864,210
1,44,-2860,246
1,45,-2848,256
1,46,-2872,346
1,47,-2872,326
1,48,-2868,386
1,49,-2888,388
1,50,-2884,384
1,51,-2884,392
1,52,-2884,454
1,53,-2888,448
1,54,-2900,470
1,55,-2900,488
1,56,-2908,518
1,57,-2904,542
1,58,-2904,532
1,59,-2908,556
1,60,-2904,524
1,61,-2908,544
1,62,-2900,568
1,63,-2920,604
1,64,-2928,640
1,65,-2916,722
1,66,-2916,726
1,67,-2920,754
1,68,-2920,768
1,69,-2932,776
1,70,-2924,806
1,71,-2924,766
1,72,-2924,742
1,73,-2928,754
1,74,-2904,748
1,75,-2924,794
1,76,-2944,812
1,77,-2916,832
1,78,-2940,866
1,79,-2936,884
1,80,-2964,930
1,81,-2952,968
1,82,-2972,980
1,83,-2968,1006
1,84,-2960,1024
1,85,-2964,1032
1,86,-2976,1078
1,87,-2972,1100
1,88,-2976,1092
1,89,-2972,1106
1,90,-2972,1094
1,91,-2972,1126
1,92,-2980,1160
1,93,-2996,1180
1,94,-2992,1190
1,95,-2988,1192
1,96,-2980,1236
1,97,-2988,1242
1,98,-2992,1274
1,99,-3004,1268
2.5,0,-84,-40
2.5,1,-1620,168
2.5,2,-1804,272
2.5,3,-1880,116
2.5,4,-1908,168
2.5,5,-1924,136
2.5,6,-1960,222
2.5,7,-1880,158
2.5,8,-1876,112
2.5,9,-1968,46
2.5,10,-1928,16
2.5,11,-2016,-18
2.5,12,-1928,2
2.5,13,-1916,50
2.5,14,-2016,168
2.5,15,-2004,288
2.5,16,-1940,340
2.5,17,-1900,288
2.5,18,-2000,330
2.5,19,-1828,404
2.5,20,-1936,498
2.5,21,-1948,422
2.5,22,-2020,532
2.5,23,-1904,502
2.5,24,-1896,318
2.5,25,-2020,228
2.5,26,-2000,242
2.5,27,-1992,282
2.5,28,-1808,228
2.5,29,-2080,124
2.5,30,-1860,126
2.5,31,-2044,200
2.5,32,-1828,224
2.5,33,-1992,116
2.5,34,-1844,140
2.5,35,-1928,128
2.5,36,-1880,138
2.5,37,-1868,252
2.5,38,-1780,174
2.5,39,-1816,38
2.5,40,-2012,68
2.5,41,-2004,132
2.5,42,-1976,210
2.5,43,-1944,314
2.5,44,-1948,202
2.5,45,-2036,244
2.5,46,-2028,220
2.5,47,-2048,230
2.5,48,-1868,84
2.5,49,-1784,-2
2.5,50,-1860,-56
2.5,51,-1948,114
2.5,52,-1932,10
2.5,53,-1928,52
2.5,54,-1956,88
2.5,55,-1924,8
2.5,56,-1844,-146
2.5,57,-1980,-114
2.5,58,-1996,-30
2.5,59,-1992,-120
2.5,60,-2028,-146
2.5,61,-2048,-206
2.5,62,-2000,-136
2.5,63,-1916,-244
2.5,64,-2016,-130
2.5,65,-2008,-150
2.5,66,-1824,-20
2.5,67,-1988,-30
2.5,68,-1904,-132
2.5,69,-1736,-30
2.5,70,-1928,-54
2.5,71,-1984,48
2.5,72,-1856,-34
2.5,73,-1908,-108
2.5,74,-1952,-84
2.5,75,-2004,-114
2.5,76,-2028,-160
2.5,77,-1900,-180
2.5,78,-1996,-52
2.5,79,-1992,-52
2.5,80,-1972,24
2.5,81,-2040,68
2.5,82,-1864,142
2.5,83,-1928,226
2.5,84,-1896,238
2.5,85,-1900,308
2.5,86,-1880,294
2.5,87,-1872,288
2.5,88,-1792,166
2.5,89,-1992,242
2.5,90,-1944,228
2.5,91,-1964,258
2.5,92,-1868,278
2.5,93,-1848,268
2.5,94,-2000,276
2.5,95,-2004,314
2.5,96,-1796,252
2.5,97,-1948,282
2.5,98,-1852,382
2.5,99,-1912,302
5,0,-68,-60
5,1,-856,-180
5,2,-772,-16
5,3,-856,38
5,4,-848,-120
5,5,-840,30
5,6,-852,26
5,7,-888,-102
5,8,-792,-106
5,9,-800,-84
5,10,-792,40
5,11,-840,-72
5,12,-856,12
5,13,-776,-54
5,14,-756,0
5,15,-804,-22
5,16,-872,-90
5,17,-780,46
5,18,-820,98
5,19,-900,100
5,20,-792,62
5,21,-800,58
5,22,-764,82
5,23,-812,20
5,24,-816,-2
5,25,-776,-48
5,26,-692,-26
5,27,-772,-44
5,28,-860,-100
5,29,-812,-136
5,30,-788,-108
5,31,-900,-2
5,32,-868,28
5,33,-748,34
5,34,-824,94
5,35,-836,26
5,36,-812,-34
5,37,-872,-56
5,38,-808,-44
5,39,-872,50
5,40,-776,-28
5,41,-780,24
5,42,-732,62
5,43,-828,-34
5,44,-756,-100
5,45,-900,-34
5,46,-692,-18
5,47,-900,-20
5,48,-880,24
5,49,-808,56
5,50,-808,20
5,51,-768,36
5,52,-804,44
5,53,-940,-68
5,54,-700,22
5,55,-780,4
5,56,-780,-88
5,57,-904,-132
5,58,-860,6
5,59,-768,-10
5,60,-976,64
5,61,-844,-20
5,62,-708,44
5,63,-832,34
5,64,-800,-80
5,65,-688,-58
5,66,-772,56
5,67,-808,14
5,68,-736,-16
5,69,-780,-34
5,70,-764,20
5,71,-808,52
5,72,-880,140
5,73,-696,-26
5,74,-740,76
5,75,-776,50
5,76,-804,24
5,77,-848,-76
5,78,-740,-64
5,79,-788,92
5,80,-724,96
5,81,-740,-22
5,82,-848,32
5,83,-744,-48
5,84,-788,-16
5,85,-780,-26
5,86,-792,70
5,87,-864,8
5,88,-828,12
5,89,-784,-22
5,90,-728,-194
5,91,-768,-6
5,92,-840,34
5,93,-812,-16
5,94,-812,48
5,95,-780,-6
5,96,-828,46
5,97,-720,-48
5,98,-832,30
5,99,-752,-58
0.1,0,-16,-96
0.1,1,-2120,-164
0.1,2,-2524,-176
0.1,3,-2656,-224
0.1,4,-2732,-296
0.1,5,-2764,-398
0.1,6,-2812,-482
0.1,7,-2880,-566
0.1,8,-2900,-594
0.1,9,-2928,-640
0.1,10,-2960,-660
0.1,11,-2964,-662
0.1,12,-2964,-692
0.1,13,-2984,-734
0.1,14,-2988,-768
0.1,15,-3004,-820
0.1,16,-3008,-796
0.1,17,-3012,-806
0.1,18,-3020,-860
0.1,19,-3024,-844
0.1,20,-3024,-896
0.1,21,-3032,-906
0.1,22,-3032,-916
0.1,23,-3036,-962
0.1,24,-3040,-978
0.1,25,-3048,-1018
0.1,26,-3052,-990
0.1,27,-3060,-1026
0.1,28,-3060,-1022
0.1,29,-3060,-1012
0.1,30,-3060,-1012
0.1,31,-3064,-1036
0.1,32,-3064,-1058
0.1,33,-3068,-1070
0.1,34,-3080,-1114
0.1,35,-3080,-1136
0.1,36,-3080,-1160
0.1,37,-3088,-1164
0.1,38,-3088,-1192
0.1,39,-3104,-1230
0.1,40,-3108,-1242
0.1,41,-3112,-1288
0.1,42,-3120,-1308
0.1,43,-3124,-1326
0.1,44,-3124,-1324
0.1,45,-3128,-1342
0.1,46,-3128,-1356
0.1,47,-3136,-1366
0.1,48,-3144,-1412
0.1,49,-3148,-1440
0.1,50,-3152,-1446
0.1,51,-3160,-1472
0.1,52,-3160,-1486
0.1,53,-3168,-1524
0.1,54,-3180,-1538
0.1,55,-3196,-1566
0.1,56,-3200,-1574
0.1,57,-3232,-1600
0.1,58,-3232,-1600
0.1,59,-3232,-1600
0.1,60,-3232,-1600
0.1,61,-3232,-1600
0.1,62,-3232,-1600
0.1,63,-3232,-1600
0.1,64,-3232,-1600
0.1,65,-3232,-1600
0.1,66,-3232,-1600
0.1,67,-3232,-1600
0.1,68,-3232,-1600
0.1,69,-3232,-1600
0.1,70,-3232,-1600
0.1,71,-3232,-1600
0.1,72,-3232,-1600
0.1,73,-3232,-1600
0.1,74,-3232,-1600
0.1,75,-3232,-1600
0.1,76,-3232,-1600
0.1,77,-3232,-1600
0.1,78,-3232,-1600
0.1,79,-3232,-1600
0.1,80,-3232,-1600
0.1,81,-3232,-1600
0.1,82,-3232,-1600
0.1,83,-3232,-1600
0.1,84,-3232,-1600
0.1,85,-3232,-1600
0.1,86,-3232,-1600
0.1,87,-3232,-1600
0.1,88,-3232,-1600
0.1,89,-3232,-1600
0.1,90,-3232,-1600
0.1,91,-3232,-1600
0.1,92,-3232,-1600
0.1,93,-3232,-1600
0.1,94,-3232,-1600
0.1,95,-3232,-1600
0.1,96,-3232,-1600
0.1,97,-3232,-1600
0.1,98,-3232,-1600
0.1,99,-3232,-1600
1,0,12,20
1,1,-2040,-32
1,2,-2380,-8
1,3,-2520,-86
1,4,-2600,-92
1,5,-2676,-132
1,6,-2704,-146
1,7,-2720,-108
1,8,-2732,-160
1,9,-2776,-104
1,10,-2792,-116
1,11,-2824,-142
1,12,-2836,-128
1,13,-2852,-144
1,14,-2844,-150
1,15,-2828,-164
1,16,-2868,-212
1,17,-2880,-254
1,18,-2896,-266
1,19,-2896,-266
1,20,-2908,-264
1,21,-2912,-256
1,22,-2896,-254
1,23,-2888,-228
1,24,-2912,-238
1,25,-2900,-244
1,26,-2908,-248
1,27,-2916,-212
1,28,-2912,-214
1,29,-2928,-224
1,30,-2908,-228
1,31,-2932,-278
1,32,-2928,-282
1,33,-2916,-286
1,34,-2908,-328
1,35,-2908,-298
1,36,-2932,-322
1,37,-2928,-316
1,38,-2920,-304
1,39,-2924,-312
1,40,-2928,-310
1,41,-2940,-304
1,42,-2940,-316
1,43,-2944,-360
1,44,-2960,-346
1,45,-2936,-334
1,46,-2964,-324
1,47,-2948,-308
1,48,-2968,-310
1,49,-2960,-320
1,50,-2944,-302
1,51,-2972,-326
1,52,-2960,-304
1,53,-2948,-290
1,54,-2960,-300
1,55,-2956,-314
1,56,-2952,-316
1,57,-2968,-354
1,58,-2956,-312
1,59,-2968,-302
1,60,-2940,-302
1,61,-2952,-330
1,62,-2944,-366
1,63,-2952,-366
1,64,-2956,-402
1,65,-2972,-428
1,66,-2960,-414
1,67,-2960,-414
1,68,-2964,-418
1,69,-2960,-404
1,70,-2952,-412
1,71,-2964,-402
1,72,-2960,-452
1,73,-2920,-474
1,74,-2968,-456
1,75,-2956,-464
1,76,-2948,-490
1,77,-2960,-494
1,78,-2948,-508
1,79,-2956,-478
1,80,-2964,-480
1,81,-2956,-458
1,82,-2948,-474
1,83,-2964,-460
1,84,-2976,-482
1,85,-2948,-476
1,86,-2952,-524
1,87,-2944,-534
1,88,-2940,-526
1,89,-2960,-556
1,90,-2956,-562
1,91,-2964,-586
1,92,-2964,-606
1,93,-2972,-608
1,94,-2972,-586
1,95,-2964,-542
1,96,-2964,-528
1,97,-2928,-562
1,98,-2964,-538
1,99,-2960,-542
2.5,0,4,-50
2.5,1,-1412,16
2.5,2,-1568,38
2.5,3,-1640,-66
2.5,4,-1812,-24
2.5,5,-1756,108
2.5,6,-1516,134
2.5,7,-1652,66
2.5,8,-1824,24
2.5,9,-1760,-20
2.5,10,-1804,-94
2.5,11,-1696,-88
2.5,12,-1716,-108
2.5,13,-1732,78
2.5,14,-1692,96
2.5,15,-1672,64
2.5,16,-1604,224
2.5,17,-1740,218
2.5,18,-1732,234
2.5,19,-1784,200
2.5,20,-1716,176
2.5,21,-1732,104
2.5,22,-1840,98
2.5,23,-1780,34
2.5,24,-1724,124
2.5,25,-1696,98
2.5,26,-1772,154
2.5,27,-1872,176
2.5,28,-1872,178
2.5,29,-1732,38
2.5,30,-1740,28
2.5,31,-1696,-30
2.5,32,-1852,-68
2.5,33,-1840,-8
2.5,34,-1708,34
2.5,35,-1808,10
2.5,36,-1836,120
2.5,37,-1808,76
2.5,38,-1712,38
2.5,39,-1728,-18
2.5,40,-1684,-42
2.5,41,-1716,-34
2.5,42,-1692,12
2.5,43,-1672,24
2.5,44,-1772,36
2.5,45,-1780,64
2.5,46,-1764,116
2.5,47,-1796,30
2.5,48,-1700,20
2.5,49,-1676,-24
2.5,50,-1604,-40
2.5,51,-1640,48
2.5,52,-1756,88
2.5,53,-1684,74
2.5,54,-1704,170
2.5,55,-1700,130
2.5,56,-1620,28
2.5,57,-1708,-20
2.5,58,-1716,-98
2.5,59,-1712,-106
2.5,60,-1740,12
2.5,61,-1716,36
2.5,62,-1704,110
2.5,63,-1916,92
2.5,64,-1760,-56
2.5,65,-1748,-108
2.5,66,-1792,-152
2.5,67,-1740,-112
2.5,68,-1728,-134
2.5,69,-1768,-216
2.5,70,-1820,-264
2.5,71,-1840,-338
2.5,72,-1808,-352
2.5,73,-1760,-304
2.5,74,-1784,-278
2.5,75,-1852,-188
2.5,76,-1848,-242
2.5,77,-1684,-244
2.5,78,-1832,-220
2.5,79,-1736,-124
2.5,80,-1628,-96
2.5,81,-1716,-46
2.5,82,-1640,-88
2.5,83,-1652,-70
2.5,84,-1656,-210
2.5,85,-1672,-188
2.5,86,-1708,-158
2.5,87,-1672,-88
2.5,88,-1720,-238
2.5,89,-1716,-274
2.5,90,-1720,-232
2.5,91,-1688,-234
2.5,92,-1660,-212
2.5,93,-1704,-262
2.5,94,-1696,-260
2.5,95,-1764,-266
2.5,96,-1732,-364
2.5,97,-1732,-446
2.5,98,-1760,-412
2.5,99,-1784,-358
5,0,-60,8
5,1,-944,-12
5,2,-832,0
5,3,-876,96
5,4,-828,98
5,5,-884,122
5,6,-984,4
5,7,-916,-24
5,8,-820,8
5,9,-888,-48
5,10,-820,44
5,11,-820,-102
5,12,-900,2
5,13,-872,6
5,14,-840,28
5,15,-664,22
5,16,-680,50
5,17,-808,32
5,18,-744,20
5,19,-852,-78
5,20,-792,22
5,21,-744,-80
5,22,-788,-56
5,23,-644,66
5,24,-892,88
5,25,-876,154
5,26,-916,68
5,27,-856,-14
5,28,-704,-30
5,29,-756,-124
5,30,-856,-4
5,31,-660,-24
5,32,-792,146
5,33,-892,-28
5,34,-732,26
5,35,-716,-32
5,36,-824,144
5,37,-804,136
5,38,-840,136
5,39,-784,80
5,40,-744,54
5,41,-800,6
5,42,-716,-24
5,43,-1000,30
5,44,-924,100
5,45,-800,-34
5,46,-844,116
5,47,-880,30
5,48,-904,-8
5,49,-788,34
5,50,-900,40
5,51,-960,4
5,52,-824,96
5,53,-700,156
5,54,-820,26
5,55,-852,50
5,56,-796,-64
5,57,-912,-116
5,58,-760,-94
5,59,-820,-80
5,60,-644,40
5,61,-732,66
5,62,-832,26
5,63,-764,-118
5,64,-844,-8
5,65,-764,58
5,66,-928,16
5,67,-824,50
5,68,-852,40
5,69,-880,-8
5,70,-824,6
5,71,-832,-10
5,72,-784,-16
5,73,-824,168
5,74,-856,-32
5,75,-836,42
5,76,-820,70
5,77,-756,94
5,78,-904,-64
5,79,-752,-106
5,80,-796,38
5,81,-828,-94
5,82,-888,-168
5,83,-744,30
5,84,-796,-38
5,85,-700,-66
5,86,-788,-24
5,87,-700,-22
5,88,-800,-108
5,89,-740,-42
5,90,-752,-32
5,91,-832,-88
5,92,-820,30
5,93,-876,58
5,94,-836,120
5,95,-744,-106
5,96,-764,-70
5,97,-812,12
5,98,-684,-20
5,99,-844,26
0.1,0,-16,44
0.1,1,-2112,208
0.1,2,-2512,220
0.1,3,-2652,302
0.1,4,-2760,370
0.1,5,-2796,354
0.1,6,-2852,344
0.1,7,-2872,346
0.1,8,-2896,408
0.1,9,-2908,422
0.1,10,-2932,452
0.1,11,-2952,538
0.1,12,-2972,550
0.1,13,-2980,560
0.1,14,-2988,592
0.1,15,-2992,612
0.1,16,-3000,626
0.1,17,-3008,706
0.1,18,-3008,714
0.1,19,-3012,732
0.1,20,-3024,802
0.1,21,-3028,796
0.1,22,-3032,810
0.1,23,-3044,846
0.1,24,-3044,834
0.1,25,-3052,848
0.1,26,-3056,904
0.1,27,-3060,908
0.1,28,-3064,968
0.1,29,-3068,1008
0.1,30,-3068,1014
0.1,31,-3072,1022
0.1,32,-3076,994
0.1,33,-3080,1030
0.1,34,-3084,1058
0.1,35,-3084,1066
0.1,36,-3084,1090
0.1,37,-3084,1100
0.1,38,-3088,1114
0.1,39,-3088,1112
0.1,40,-3100,1166
0.1,41,-3104,1174
0.1,42,-3104,1166
0.1,43,-3104,1166
0.1,44,-3104,1176
0.1,45,-3108,1176
0.1,46,-3108,1186
0.1,47,-3112,1196
0.1,48,-3112,1230
0.1,49,-3112,1254
0.1,50,-3120,1298
0.1,51,-3120,1302
0.1,52,-3128,1344
0.1,53,-3136,1362
0.1,54,-3136,1372
0.1,55,-3140,1414
0.1,56,-3144,1442
0.1,57,-3148,1454
0.1,58,-3160,1458
0.1,59,-3160,1488
0.1,60,-3172,1500
0.1,61,-3176,1554
0.1,62,-3216,1596
0.1,63,-3232,1600
0.1,64,-3232,1600
0.1,65,-3232,1600
0.1,66,-3232,1600
0.1,67,-3232,1600
0.1,68,-3232,1600
0.1,69,-3232,1600
0.1,70,-3232,1600
0.1,71,-3232,1600
0.1,72,-3232,1600
0.1,73,-3232,1600
0.1,74,-3232,1600
0.1,75,-3232,1600
0.1,76,-3232,1600
0.1,77,-3232,1600
0.1,78,-3232,1600
0.1,79,-3232,1600
0.1,80,-3232,1600
0.1,81,-3232,1600
0.1,82,-3232,1600
0.1,83,-3232,1600
0.1,84,-3232,1600
0.1,85,-3232,1600
0.1,86,-3232,1600
0.1,87,-3232,1600
0.1,88,-3232,1600
0.1,89,-3232,1600
0.1,90,-3232,1600
0.1,91,-3232,1600
0.1,92,-3232,1600
0.1,93,-3232,1600
0.1,94,-3232,1600
0.1,95,-3232,1600
0.1,96,-3232,1600
0.1,97,-3232,1600
0.1,98,-3232,1600
0.1,99,-3232,1600
1,0,24,-36
1,1,-2052,-308
1,2,-2424,-440
1,3,-2548,-448
1,4,-2652,-510
1,5,-2708,-534
1,6,-2740,-608
1,7,-2764,-660
1,8,-2808,-740
1,9,-2812,-762
1,10,-2860,-768
1,11,-2872,-788
1,12,-2884,-780
1,13,-2904,-842
1,14,-2924,-826
1,15,-2932,-842
1,16,-2932,-840
1,17,-2956,-838
1,18,-2960,-850
1,19,-2968,-876
1,20,-2980,-918
1,21,-2984,-958
1,22,-2968,-992
1,23,-2976,-970
1,24,-2976,-992
1,25,-2976,-1002
1,26,-2976,-1014
1,27,-2976,-1002
1,28,-2980,-968
1,29,-2984,-1018
1,30,-2984,-1026
1,31,-2976,-1046
1,32,-2992,-1034
1,33,-3000,-1062
1,34,-3008,-1114
1,35,-3000,-1152
1,36,-3008,-1182
1,37,-3016,-1194
1,38,-3016,-1206
1,39,-3004,-1230
1,40,-3020,-1230
1,41,-3004,-1242
1,42,-3024,-1286
1,43,-3028,-1298
1,44,-3040,-1330
1,45,-3040,-1336
1,46,-3040,-1384
1,47,-3040,-1406
1,48,-3044,-1386
1,49,-3028,-1374
1,50,-3040,-1388
1,51,-3040,-1428
1,52,-3064,-1452
1,53,-3064,-1442
1,54,-3080,-1494
1,55,-3088,-1548
1,56,-3104,-1572
1,57,-3108,-1572
1,58,-3108,-1578
1,59,-3144,-1598
1,60,-3152,-1600
1,61,-3144,-1598
1,62,-3128,-1594
1,63,-3144,-1598
1,64,-3152,-1600
1,65,-3152,-1600
1,66,-3144,-1598
1,67,-3152,-1600
1,68,-3144,-1598
1,69,-3144,-1598
1,70,-3144,-1598
1,71,-3152,-1600
1,72,-3152,-1600
1,73,-3144,-1598
1,74,-3144,-1598
1,75,-3152,-1600
1,76,-3152,-1600
1,77,-3152,-1600
1,78,-3144,-1598
1,79,-3152,-1600
1,80,-3152,-1600
1,81,-3144,-1598
1,82,-3152,-1600
1,83,-3144,-1598
1,84,-3144,-1598
1,85,-3144,-1598
1,86,-3128,-1594
1,87,-3152,-1600
1,88,-3152,-1600
1,89,-3152,-1600
1,90,-3144,-1598
1,91,-3144,-1598
1,92,-3152,-1600
1,93,-3152,-1600
1,94,-3152,-1600
1,95,-3144,-1598
1,96,-3152,-1600
1,97,-3144,-1598
1,98,-3144,-1598
1,99,-3128,-1594
2.5,0,60,-18
2.5,1,-1224,-30
2.5,2,-1388,-34
2.5,3,-1484,-26
2.5,4,-1484,-8
2.5,5,-1544,-102
2.5,6,-1412,-96
2.5,7,-1536,-102
2.5,8,-1604,-28
2.5,9,-1680,-12
2.5,10,-1748,34
2.5,11,-1824,-72
2.5,12,-1724,18
2.5,13,-1576,-16
2.5,14,-1624,10
2.5,15,-1716,34
2.5,16,-1632,82
2.5,17,-1692,192
2.5,18,-1616,168
2.5,19,-1588,64
2.5,20,-1652,44
2.5,21,-1512,66
2.5,22,-1492,-76
2.5,23,-1540,-8
2.5,24,-1520,-4
2.5,25,-1552,26
2.5,26,-1432,-18
2.5,27,-1680,-32
2.5,28,-1688,-42
2.5,29,-1740,-84
2.5,30,-1696,-140
2.5,31,-1636,-102
2.5,32,-1704,-194
2.5,33,-1720,-218
2.5,34,-1752,-352
2.5,35,-1608,-260
2.5,36,-1840,-412
2.5,37,-1632,-416
2.5,38,-1672,-382
2.5,39,-1636,-284
2.5,40,-1556,-92
2.5,41,-1564,-116
2.5,42,-1652,-82
2.5,43,-1584,24
2.5,44,-1600,106
2.5,45,-1756,124
2.5,46,-1624,70
2.5,47,-1664,80
2.5,48,-1720,80
2.5,49,-1664,108
2.5,50,-1512,282
2.5,51,-1620,254
2.5,52,-1692,248
2.5,53,-1632,182
2.5,54,-1672,176
2.5,55,-1656,166
2.5,56,-1736,56
2.5,57,-1764,160
2.5,58,-1756,206
2.5,59,-1700,218
2.5,60,-1684,194
2.5,61,-1788,74
2.5,62,-1648,114
2.5,63,-1656,142
2.5,64,-1632,132
2.5,65,-1692,76
2.5,66,-1596,74
2.5,67,-1616,68
2.5,68,-1484,-72
2.5,69,-1472,-94
2.5,70,-1556,-194
2.5,71,-1608,-124
2.5,72,-1564,-102
2.5,73,-1560,-22
2.5,74,-1508,-68
2.5,75,-1576,-66
2.5,76,-1600,-100
2.5,77,-1380,-136
2.5,78,-1556,-148
2.5,79,-1420,-144
2.5,80,-1552,-238
2.5,81,-1632,-180
2.5,82,-1660,-320
2.5,83,-1688,-352
2.5,84,-1728,-464
2.5,85,-1636,-488
2.5,86,-1608,-454
2.5,87,-1672,-516
2.5,88,-1700,-534
2.5,89,-1652,-446
2.5,90,-1692,-472
2.5,91,-1740,-472
2.5,92,-1664,-432
2.5,93,-1772,-384
2.5,94,-1752,-374
2.5,95,-1764,-396
2.5,96,-1680,-396
2.5,97,-1712,-374
2.5,98,-1660,-206
2.5,99,-1540,-72
5,0,-40,0
5,1,-676,54
5,2,-768,-38
5,3,-700,46
5,4,-816,2
5,5,-756,-50
5,6,-692,-12
5,7,-652,2
5,8,-736,-86
5,9,-944,-138
5,10,-748,26
5,11,-864,10
5,12,-800,-4
5,13,-744,-58
5,14,-724,80
5,15,-752,-2
5,16,-800,102
5,17,-732,36
5,18,-816,8
5,19,-816,16
5,20,-844,20
5,21,-712,52
5,22,-736,6
5,23,-764,-108
5,24,-748,28
5,25,-744,-10
5,26,-900,-150
5,27,-840,-40
5,28,-856,18
5,29,-776,-48
5,30,-768,14
5,31,-796,108
5,32,-724,42
5,33,-736,0
5,34,-736,-26
5,35,-792,-36
5,36,-756,42
5,37,-712,160
5,38,-876,52
5,39,-780,64
5,40,-792,8
5,41,-724,-72
5,42,-756,-126
5,43,-740,-110
5,44,-844,-50
5,45,-836,-18
5,46,-768,-112
5,47,-804,-132
5,48,-708,28
5,49,-644,18
5,50,-660,78
5,51,-712,24
5,52,-828,-140
5,53,-700,-92
5,54,-800,-20
5,55,-892,-10
5,56,-700,-46
5,57,-840,176
5,58,-860,66
5,59,-800,70
5,60,-764,76
5,61,-628,122
5,62,-792,16
5,63,-664,12
5,64,-668,76
5,65,-716,-112
5,66,-864,116
5,67,-784,36
5,68,-788,-28
5,69,-724,-142
5,70,-668,-16
5,71,-748,52
5,72,-684,150
5,73,-800,44
5,74,-820,-8
5,75,-780,-16
5,76,-676,0
5,77,-876,-116
5,78,-736,0
5,79,-864,-30
5,80,-656,16
5,81,-828,104
5,82,-824,20
5,83,-772,38
5,84,-756,8
5,85,-876,12
5,86,-796,-34
5,87,-780,-50
5,88,-808,-70
5,89,-736,58
5,90,-720,-136
5,91,-760,-170
5,92,-692,10
5,93,-660,2
5,94,-872,146
5,95,-708,-8
5,96,-840,-36
5,97,-772,-114
5,98,-792,-84
5,99,-796,22
