0.01,0
0.02,0
0.03,0
0.04,0
0.05,0
0.06,0
0.07,0
0.08,0
0.09,0
0.1,0
0.11,0
0.12,0
0.13,0
0.14,0
0.15,0
0.15,0.9999
0.16,0
0.16,0.9999
0.17,0
0.17,0.9999
0.18,0
0.18,0.9999
0.19,0
0.19,0.9999
0.2,0
0.2,0.9999
0.21,0
0.21,0.9999
0.22,0
0.22,0.9999
0.23,0
0.23,0.9999
0.24,0
0.24,0.9999
0.25,0
0.25,0.9999
0.26,0
0.26,0.9999
0.27,0
0.27,0.9999
0.28,0
0.28,0.9999
0.29,0
0.29,0.9999
0.3,0
0.3,0.9999
0.31,0
0.31,0.9999
0.32,0
0.32,0.9999
0.33,0
0.33,0.9999
0.34,0
0.34,0.9999
0.35,0
0.35,0.9999
0.36,0
0.36,0.9999
0.37,0
0.37,0.9999
0.38,0
0.38,0.9999
0.39,0
0.39,0.9999
0.4,0
0.4,0.9999
0.41,0
0.41,0.9998
0.41,0.9999
0.42,0
0.42,0.9998
0.42,0.9999
0.43,0
0.43,0.9998
0.43,0.9999
0.44,0
0.44,0.9997
0.44,0.9998
0.45,0
0.45,0.9997
0.45,0.9998
0.46,0
0.46,0.9996
0.46,0.9997
0.47,0
0.47,0.9995
0.47,0.9996
0.48,0
0.48,0.9995
0.48,0.9996
0.49,0
0.49,0.9994
0.49,0.9995
0.5,0
0.5,0.9993
0.5,0.9994
0.51,0
0.51,0.9992
0.51,0.9993
0.52,0
0.52,0.999
0.52,0.9991
0.53,0
0.53,0.9989
0.53,0.999
0.54,0
0.54,0.9987
0.54,0.9988
0.55,0
0.55,0.9985
0.55,0.9986
0.56,0
0.56,0.9984
0.56,0.9985
0.57,0
0.57,0.9981
0.57,0.9982
0.58,0
0.58,0.9979
0.58,0.998
0.59,0
0.59,0.9976
0.59,0.9977
0.6,0
0.6,0.9974
0.6,0.9975
0.61,0
0.61,0.9971
0.61,0.9972
0.62,0
0.62,0.9967
0.62,0.9968
0.63,0
0.63,0.9964
0.63,0.9965
0.64,0
0.64,0.996
0.64,0.9961
0.65,0
0.65,0.9956
0.65,0.9957
0.66,0
0.66,0.9952
0.66,0.9953
0.67,0
0.67,0.9947
0.67,0.9948
0.68,0
0.68,0.9942
0.68,0.9943
0.69,0
0.69,0.9937
0.69,0.9938
0.7,0
0.7,0.9931
0.7,0.9932
0.71,0
0.71,0.9925
0.71,0.9926
0.72,0
0.72,0.9919
0.72,0.992
0.73,0
0.73,0.9912
0.73,0.9913
0.74,0
0.74,0.9905
0.74,0.9906
0.75,0
0.75,0.9898
0.75,0.9899
0.76,0
0.76,0.989
0.76,0.9891
0.77,0
0.77,0.9882
0.77,0.9883
0.78,0
0.78,0.9874
0.78,0.9875
0.79,0
0.79,0.9865
0.79,0.9866
0.8,0
0.8,0.9856
0.8,0.9857
0.81,0
0.81,0.9846
0.81,0.9847
0.82,0
0.82,0.9836
0.82,0.9837
0.83,0
0.83,0.9825
0.83,0.9826
0.83,0.9827
0.84,0
0.84,0.9814
0.84,0.9815
0.84,0.9816
0.85,0
0.85,0.9803
0.85,0.9804
0.86,0
0.86,0.9791
0.86,0.9792
0.87,0
0.87,0.9779
0.87,0.978
0.88,0
0.88,0.9766
0.88,0.9767
0.89,0
0.89,0.9753
0.89,0.9754
0.9,0
0.9,0.9739
0.9,0.974
0.91,0
0.91,0.9725
0.91,0.9726
0.92,0
0.92,0.971
0.92,0.9711
0.92,0.9712
0.93,0
0.93,0.9695
0.93,0.9696
0.94,0
0.94,0.9679
0.94,0.968
0.94,0.9681
0.95,0
0.95,0.9663
0.95,0.9664
0.95,0.9665
0.96,0
0.96,0.9646
0.96,0.9647
0.96,0.9648
0.97,0
0.97,0.9629
0.97,0.963
0.97,0.9631
0.98,0
0.98,0.9611
0.98,0.9612
0.98,0.9613
0.99,0
0.99,0.9593
0.99,0.9594
0.99,0.9595
1,0
1,0.0001
1,0.9574
1,0.9575
1,0.9576
1.01,0
1.01,0.0001
1.01,0.9555
1.01,0.9556
1.02,0
1.02,0.0001
1.02,0.9535
1.02,0.9536
1.03,0
1.03,0.0001
1.03,0.9514
1.03,0.9515
1.03,0.9516
1.04,0
1.04,0.0001
1.04,0.9493
1.04,0.9494
1.04,0.9495
1.05,0
1.05,0.0001
1.05,0.9472
1.05,0.9473
1.06,0
1.06,0.0001
1.06,0.9449
1.06,0.945
1.06,0.9451
1.07,0
1.07,0.0001
1.07,0.9427
1.07,0.9428
1.08,0
1.08,0.0001
1.08,0.9403
1.08,0.9404
1.08,0.9405
1.09,0
1.09,0.0001
1.09,0.9379
1.09,0.938
1.09,0.9381
1.1,0
1.1,0.0001
1.1,0.9354
1.1,0.9355
1.1,0.9356
1.11,0
1.11,0.0001
1.11,0.9329
1.11,0.933
1.11,0.9331
1.12,0
1.12,0.0001
1.12,0.9303
1.12,0.9304
1.12,0.9305
1.13,0
1.13,0.0001
1.13,0.9277
1.13,0.9278
1.14,0
1.14,0.0001
1.14,0.925
1.14,0.9251
1.15,0
1.15,0.0001
1.15,0.9222
1.15,0.9223
1.16,0
1.16,0.0001
1.16,0.9193
1.16,0.9194
1.16,0.9195
1.17,0
1.17,0.0001
1.17,0.9164
1.17,0.9165
1.17,0.9166
1.18,0
1.18,0.0001
1.18,0.9134
1.18,0.9135
1.18,0.9136
1.19,0
1.19,0.0001
1.19,0.9104
1.19,0.9105
1.2,0
1.2,0.0001
1.2,0.9072
1.2,0.9073
1.2,0.9074
1.21,0
1.21,0.0001
1.21,0.904
1.21,0.9041
1.21,0.9042
1.22,0
1.22,0.0001
1.22,0.9008
1.22,0.9009
1.22,0.901
1.23,0
1.23,0.0001
1.23,0.8974
1.23,0.8975
1.23,0.8976
1.24,0
1.24,0.0001
1.24,0.894
1.24,0.8941
1.24,0.8942
1.25,0
1.25,0.0001
1.25,0.8905
1.25,0.8906
1.25,0.8907
1.26,0
1.26,0.0001
1.26,0.887
1.26,0.8871
1.26,0.8872
1.27,0
1.27,0.0001
1.27,0.8833
1.27,0.8834
1.27,0.8835
1.28,0
1.28,0.0001
1.28,0.8796
1.28,0.8797
1.28,0.8798
1.29,0
1.29,0.0001
1.29,0.8758
1.29,0.8759
1.29,0.876
1.3,0
1.3,0.0001
1.3,0.872
1.3,0.8721
1.3,0.8722
1.31,0
1.31,0.0001
1.31,0.868
1.31,0.8681
1.31,0.8682
1.32,0
1.32,0.0001
1.32,0.864
1.32,0.8641
1.32,0.8642
1.33,0
1.33,0.0001
1.33,0.8598
1.33,0.8599
1.33,0.86
1.33,0.8601
1.34,0
1.34,0.0001
1.34,0.0002
1.34,0.8556
1.34,0.8557
1.34,0.8558
1.34,0.8559
1.35,0
1.35,0.0001
1.35,0.0002
1.35,0.8513
1.35,0.8514
1.35,0.8515
1.35,0.8516
1.36,0
1.36,0.0001
1.36,0.0002
1.36,0.847
1.36,0.8471
1.36,0.8472
1.37,0
1.37,0.0001
1.37,0.0002
1.37,0.8425
1.37,0.8426
1.37,0.8427
1.38,0
1.38,0.0001
1.38,0.0002
1.38,0.8379
1.38,0.838
1.38,0.8381
1.38,0.8382
1.39,0
1.39,0.0001
1.39,0.0002
1.39,0.8333
1.39,0.8334
1.39,0.8335
1.4,0
1.4,0.0001
1.4,0.0002
1.4,0.8285
1.4,0.8286
1.4,0.8287
1.4,0.8288
1.41,0
1.41,0.0001
1.41,0.0002
1.41,0.8237
1.41,0.8238
1.41,0.8239
1.42,0
1.42,0.0001
1.42,0.0002
1.42,0.8187
1.42,0.8188
1.42,0.8189
1.42,0.819
1.43,0
1.43,0.0001
1.43,0.0002
1.43,0.8137
1.43,0.8138
1.43,0.8139
1.44,0
1.44,0.0001
1.44,0.0002
1.44,0.8085
1.44,0.8086
1.44,0.8087
1.44,0.8088
1.45,0
1.45,0.0001
1.45,0.0002
1.45,0.8033
1.45,0.8034
1.45,0.8035
1.45,0.8036
1.46,0
1.46,0.0001
1.46,0.0002
1.46,0.7979
1.46,0.798
1.46,0.7981
1.46,0.7982
1.47,0
1.47,0.0001
1.47,0.0002
1.47,0.7924
1.47,0.7925
1.47,0.7926
1.47,0.7927
1.48,0
1.48,0.0001
1.48,0.0002
1.48,0.7869
1.48,0.787
1.48,0.7871
1.48,0.7872
1.49,0
1.49,0.0001
1.49,0.0002
1.49,0.7812
1.49,0.7813
1.49,0.7814
1.49,0.7815
1.5,0
1.5,0.0001
1.5,0.0002
1.5,0.0003
1.5,0.7754
1.5,0.7755
1.5,0.7756
1.5,0.7757
1.51,0
1.51,0.0001
1.51,0.0002
1.51,0.0003
1.51,0.7694
1.51,0.7695
1.51,0.7696
1.51,0.7697
1.51,0.7698
1.52,0
1.52,0.0001
1.52,0.0002
1.52,0.0003
1.52,0.7634
1.52,0.7635
1.52,0.7636
1.52,0.7637
1.53,0
1.53,0.0001
1.53,0.0002
1.53,0.0003
1.53,0.7572
1.53,0.7573
1.53,0.7574
1.53,0.7575
1.53,0.7576
1.54,0
1.54,0.0001
1.54,0.0002
1.54,0.0003
1.54,0.7509
1.54,0.751
1.54,0.7511
1.54,0.7512
1.54,0.7513
1.55,0
1.55,0.0001
1.55,0.0002
1.55,0.0003
1.55,0.7445
1.55,0.7446
1.55,0.7447
1.55,0.7448
1.56,0
1.56,0.0001
1.56,0.0002
1.56,0.0003
1.56,0.7379
1.56,0.738
1.56,0.7381
1.56,0.7382
1.56,0.7383
1.57,0
1.57,0.0001
1.57,0.0002
1.57,0.0003
1.57,0.7312
1.57,0.7313
1.57,0.7314
1.57,0.7315
1.57,0.7316
1.58,0
1.58,0.0001
1.58,0.0002
1.58,0.0003
1.58,0.7243
1.58,0.7244
1.58,0.7245
1.58,0.7246
1.58,0.7247
1.59,0
1.59,0.0001
1.59,0.0002
1.59,0.0003
1.59,0.7173
1.59,0.7174
1.59,0.7175
1.59,0.7176
1.59,0.7177
1.59,0.7178
1.6,0
1.6,0.0001
1.6,0.0002
1.6,0.0003
1.6,0.0004
1.6,0.7102
1.6,0.7103
1.6,0.7104
1.6,0.7105
1.6,0.7106
1.61,0
1.61,0.0001
1.61,0.0002
1.61,0.0003
1.61,0.0004
1.61,0.7029
1.61,0.703
1.61,0.7031
1.61,0.7032
1.61,0.7033
1.62,0
1.62,0.0001
1.62,0.0002
1.62,0.0003
1.62,0.0004
1.62,0.6954
1.62,0.6955
1.62,0.6956
1.62,0.6957
1.62,0.6958
1.62,0.6959
1.63,0
1.63,0.0001
1.63,0.0002
1.63,0.0003
1.63,0.0004
1.63,0.6878
1.63,0.6879
1.63,0.688
1.63,0.6881
1.63,0.6882
1.63,0.6883
1.64,0
1.64,0.0001
1.64,0.0002
1.64,0.0003
1.64,0.0004
1.64,0.68
1.64,0.6801
1.64,0.6802
1.64,0.6803
1.64,0.6804
1.64,0.6805
1.65,0
1.65,0.0001
1.65,0.0002
1.65,0.0003
1.65,0.0004
1.65,0.672
1.65,0.6721
1.65,0.6722
1.65,0.6723
1.65,0.6724
1.65,0.6725
1.66,0
1.66,0.0001
1.66,0.0002
1.66,0.0003
1.66,0.0004
1.66,0.6639
1.66,0.664
1.66,0.6641
1.66,0.6642
1.66,0.6643
1.66,0.6644
1.67,0
1.67,0.0001
1.67,0.0002
1.67,0.0003
1.67,0.0004
1.67,0.0005
1.67,0.6555
1.67,0.6556
1.67,0.6557
1.67,0.6558
1.67,0.6559
1.67,0.656
1.68,0
1.68,0.0001
1.68,0.0002
1.68,0.0003
1.68,0.0004
1.68,0.0005
1.68,0.6469
1.68,0.647
1.68,0.6471
1.68,0.6472
1.68,0.6473
1.68,0.6474
1.68,0.6475
1.69,0
1.69,0.0001
1.69,0.0002
1.69,0.0003
1.69,0.0004
1.69,0.0005
1.69,0.6382
1.69,0.6383
1.69,0.6384
1.69,0.6385
1.69,0.6386
1.69,0.6387
1.69,0.6388
1.7,0
1.7,0.0001
1.7,0.0002
1.7,0.0003
1.7,0.0004
1.7,0.0005
1.7,0.6292
1.7,0.6293
1.7,0.6294
1.7,0.6295
1.7,0.6296
1.7,0.6297
1.7,0.6298
1.71,0
1.71,0.0001
1.71,0.0002
1.71,0.0003
1.71,0.0004
1.71,0.0005
1.71,0.62
1.71,0.6201
1.71,0.6202
1.71,0.6203
1.71,0.6204
1.71,0.6205
1.71,0.6206
1.72,0
1.72,0.0001
1.72,0.0002
1.72,0.0003
1.72,0.0004
1.72,0.0005
1.72,0.0006
1.72,0.6106
1.72,0.6107
1.72,0.6108
1.72,0.6109
1.72,0.611
1.72,0.6111
1.72,0.6112
1.73,0
1.73,0.0001
1.73,0.0002
1.73,0.0003
1.73,0.0004
1.73,0.0005
1.73,0.0006
1.73,0.6009
1.73,0.601
1.73,0.6011
1.73,0.6012
1.73,0.6013
1.73,0.6014
1.73,0.6015
1.74,0
1.74,0.0001
1.74,0.0002
1.74,0.0003
1.74,0.0004
1.74,0.0005
1.74,0.0006
1.74,0.5909
1.74,0.591
1.74,0.5911
1.74,0.5912
1.74,0.5913
1.74,0.5914
1.74,0.5915
1.74,0.5916
1.75,0
1.75,0.0001
1.75,0.0002
1.75,0.0003
1.75,0.0004
1.75,0.0005
1.75,0.0006
1.75,0.0007
1.75,0.5807
1.75,0.5808
1.75,0.5809
1.75,0.581
1.75,0.5811
1.75,0.5812
1.75,0.5813
1.75,0.5814
1.76,0
1.76,0.0001
1.76,0.0002
1.76,0.0003
1.76,0.0004
1.76,0.0005
1.76,0.0006
1.76,0.0007
1.76,0.5702
1.76,0.5703
1.76,0.5704
1.76,0.5705
1.76,0.5706
1.76,0.5707
1.76,0.5708
1.76,0.5709
1.76,0.571
1.77,0
1.77,0.0001
1.77,0.0002
1.77,0.0003
1.77,0.0004
1.77,0.0005
1.77,0.0006
1.77,0.0007
1.77,0.5594
1.77,0.5595
1.77,0.5596
1.77,0.5597
1.77,0.5598
1.77,0.5599
1.77,0.56
1.77,0.5601
1.77,0.5602
1.78,0
1.78,0.0001
1.78,0.0002
1.78,0.0003
1.78,0.0004
1.78,0.0005
1.78,0.0006
1.78,0.0007
1.78,0.0008
1.78,0.5483
1.78,0.5484
1.78,0.5485
1.78,0.5486
1.78,0.5487
1.78,0.5488
1.78,0.5489
1.78,0.549
1.78,0.5491
1.79,0
1.79,0.0001
1.79,0.0002
1.79,0.0003
1.79,0.0004
1.79,0.0005
1.79,0.0006
1.79,0.0007
1.79,0.0008
1.79,0.5368
1.79,0.5369
1.79,0.537
1.79,0.5371
1.79,0.5372
1.79,0.5373
1.79,0.5374
1.79,0.5375
1.79,0.5376
1.79,0.5377
1.8,0
1.8,0.0001
1.8,0.0002
1.8,0.0003
1.8,0.0004
1.8,0.0005
1.8,0.0006
1.8,0.0007
1.8,0.0008
1.8,0.0009
1.8,0.525
1.8,0.5251
1.8,0.5252
1.8,0.5253
1.8,0.5254
1.8,0.5255
1.8,0.5256
1.8,0.5257
1.8,0.5258
1.8,0.5259
1.81,0
1.81,0.0001
1.81,0.0002
1.81,0.0003
1.81,0.0004
1.81,0.0005
1.81,0.0006
1.81,0.0007
1.81,0.0008
1.81,0.0009
1.81,0.5127
1.81,0.5128
1.81,0.5129
1.81,0.513
1.81,0.5131
1.81,0.5132
1.81,0.5133
1.81,0.5134
1.81,0.5135
1.81,0.5136
1.81,0.5137
1.82,0
1.82,0.0001
1.82,0.0002
1.82,0.0003
1.82,0.0004
1.82,0.0005
1.82,0.0006
1.82,0.0007
1.82,0.0008
1.82,0.0009
1.82,0.001
1.82,0.5001
1.82,0.5002
1.82,0.5003
1.82,0.5004
1.82,0.5005
1.82,0.5006
1.82,0.5007
1.82,0.5008
1.82,0.5009
1.82,0.501
1.82,0.5011
1.83,0
1.83,0.0001
1.83,0.0002
1.83,0.0003
1.83,0.0004
1.83,0.0005
1.83,0.0006
1.83,0.0007
1.83,0.0008
1.83,0.0009
1.83,0.001
1.83,0.487
1.83,0.4871
1.83,0.4872
1.83,0.4873
1.83,0.4874
1.83,0.4875
1.83,0.4876
1.83,0.4877
1.83,0.4878
1.83,0.4879
1.83,0.488
1.83,0.4881
1.84,0
1.84,0.0001
1.84,0.0002
1.84,0.0003
1.84,0.0004
1.84,0.0005
1.84,0.0006
1.84,0.0007
1.84,0.0008
1.84,0.0009
1.84,0.001
1.84,0.0011
1.84,0.4734
1.84,0.4735
1.84,0.4736
1.84,0.4737
1.84,0.4738
1.84,0.4739
1.84,0.474
1.84,0.4741
1.84,0.4742
1.84,0.4743
1.84,0.4744
1.84,0.4745
1.84,0.4746
1.85,0
1.85,0.0001
1.85,0.0002
1.85,0.0003
1.85,0.0004
1.85,0.0005
1.85,0.0006
1.85,0.0007
1.85,0.0008
1.85,0.0009
1.85,0.001
1.85,0.0011
1.85,0.0012
1.85,0.4593
1.85,0.4594
1.85,0.4595
1.85,0.4596
1.85,0.4597
1.85,0.4598
1.85,0.4599
1.85,0.46
1.85,0.4601
1.85,0.4602
1.85,0.4603
1.85,0.4604
1.85,0.4605
1.85,0.4606
1.86,0
1.86,0.0001
1.86,0.0002
1.86,0.0003
1.86,0.0004
1.86,0.0005
1.86,0.0006
1.86,0.0007
1.86,0.0008
1.86,0.0009
1.86,0.001
1.86,0.0011
1.86,0.0012
1.86,0.0013
1.86,0.4446
1.86,0.4447
1.86,0.4448
1.86,0.4449
1.86,0.445
1.86,0.4451
1.86,0.4452
1.86,0.4453
1.86,0.4454
1.86,0.4455
1.86,0.4456
1.86,0.4457
1.86,0.4458
1.86,0.4459
1.87,0
1.87,0.0001
1.87,0.0002
1.87,0.0003
1.87,0.0004
1.87,0.0005
1.87,0.0006
1.87,0.0007
1.87,0.0008
1.87,0.0009
1.87,0.001
1.87,0.0011
1.87,0.0012
1.87,0.0013
1.87,0.0014
1.87,0.4292
1.87,0.4293
1.87,0.4294
1.87,0.4295
1.87,0.4296
1.87,0.4297
1.87,0.4298
1.87,0.4299
1.87,0.43
1.87,0.4301
1.87,0.4302
1.87,0.4303
1.87,0.4304
1.87,0.4305
1.87,0.4306
1.87,0.4307
1.88,0
1.88,0.0001
1.88,0.0002
1.88,0.0003
1.88,0.0004
1.88,0.0005
1.88,0.0006
1.88,0.0007
1.88,0.0008
1.88,0.0009
1.88,0.001
1.88,0.0011
1.88,0.0012
1.88,0.0013
1.88,0.0014
1.88,0.0015
1.88,0.4132
1.88,0.4133
1.88,0.4134
1.88,0.4135
1.88,0.4136
1.88,0.4137
1.88,0.4138
1.88,0.4139
1.88,0.414
1.88,0.4141
1.88,0.4142
1.88,0.4143
1.88,0.4144
1.88,0.4145
1.88,0.4146
1.88,0.4147
1.88,0.4148
1.89,0
1.89,0.0001
1.89,0.0002
1.89,0.0003
1.89,0.0004
1.89,0.0005
1.89,0.0006
1.89,0.0007
1.89,0.0008
1.89,0.0009
1.89,0.001
1.89,0.0011
1.89,0.0012
1.89,0.0013
1.89,0.0014
1.89,0.0015
1.89,0.0016
1.89,0.0017
1.89,0.3963
1.89,0.3964
1.89,0.3965
1.89,0.3966
1.89,0.3967
1.89,0.3968
1.89,0.3969
1.89,0.397
1.89,0.3971
1.89,0.3972
1.89,0.3973
1.89,0.3974
1.89,0.3975
1.89,0.3976
1.89,0.3977
1.89,0.3978
1.89,0.3979
1.89,0.398
1.9,0
1.9,0.0001
1.9,0.0002
1.9,0.0003
1.9,0.0004
1.9,0.0005
1.9,0.0006
1.9,0.0007
1.9,0.0008
1.9,0.0009
1.9,0.001
1.9,0.0011
1.9,0.0012
1.9,0.0013
1.9,0.0014
1.9,0.0015
1.9,0.0016
1.9,0.0017
1.9,0.0018
1.9,0.0019
1.9,0.3785
1.9,0.3786
1.9,0.3787
1.9,0.3788
1.9,0.3789
1.9,0.379
1.9,0.3791
1.9,0.3792
1.9,0.3793
1.9,0.3794
1.9,0.3795
1.9,0.3796
1.9,0.3797
1.9,0.3798
1.9,0.3799
1.9,0.38
1.9,0.3801
1.9,0.3802
1.9,0.3803
1.9,0.3804
1.91,0
1.91,0.0001
1.91,0.0002
1.91,0.0003
1.91,0.0004
1.91,0.0005
1.91,0.0006
1.91,0.0007
1.91,0.0008
1.91,0.0009
1.91,0.001
1.91,0.0011
1.91,0.0012
1.91,0.0013
1.91,0.0014
1.91,0.0015
1.91,0.0016
1.91,0.0017
1.91,0.0018
1.91,0.0019
1.91,0.002
1.91,0.0021
1.91,0.3597
1.91,0.3598
1.91,0.3599
1.91,0.36
1.91,0.3601
1.91,0.3602
1.91,0.3603
1.91,0.3604
1.91,0.3605
1.91,0.3606
1.91,0.3607
1.91,0.3608
1.91,0.3609
1.91,0.361
1.91,0.3611
1.91,0.3612
1.91,0.3613
1.91,0.3614
1.91,0.3615
1.91,0.3616
1.91,0.3617
1.91,0.3618
1.92,0
1.92,0.0001
1.92,0.0002
1.92,0.0003
1.92,0.0004
1.92,0.0005
1.92,0.0006
1.92,0.0007
1.92,0.0008
1.92,0.0009
1.92,0.001
1.92,0.0011
1.92,0.0012
1.92,0.0013
1.92,0.0014
1.92,0.0015
1.92,0.0016
1.92,0.0017
1.92,0.0018
1.92,0.0019
1.92,0.002
1.92,0.0021
1.92,0.0022
1.92,0.0023
1.92,0.0024
1.92,0.3396
1.92,0.3397
1.92,0.3398
1.92,0.3399
1.92,0.34
1.92,0.3401
1.92,0.3402
1.92,0.3403
1.92,0.3404
1.92,0.3405
1.92,0.3406
1.92,0.3407
1.92,0.3408
1.92,0.3409
1.92,0.341
1.92,0.3411
1.92,0.3412
1.92,0.3413
1.92,0.3414
1.92,0.3415
1.92,0.3416
1.92,0.3417
1.92,0.3418
1.92,0.3419
1.92,0.342
1.93,0
1.93,0.0001
1.93,0.0002
1.93,0.0003
1.93,0.0004
1.93,0.0005
1.93,0.0006
1.93,0.0007
1.93,0.0008
1.93,0.0009
1.93,0.001
1.93,0.0011
1.93,0.0012
1.93,0.0013
1.93,0.0014
1.93,0.0015
1.93,0.0016
1.93,0.0017
1.93,0.0018
1.93,0.0019
1.93,0.002
1.93,0.0021
1.93,0.0022
1.93,0.0023
1.93,0.0024
1.93,0.0025
1.93,0.0026
1.93,0.0027
1.93,0.3181
1.93,0.3182
1.93,0.3183
1.93,0.3184
1.93,0.3185
1.93,0.3186
1.93,0.3187
1.93,0.3188
1.93,0.3189
1.93,0.319
1.93,0.3191
1.93,0.3192
1.93,0.3193
1.93,0.3194
1.93,0.3195
1.93,0.3196
1.93,0.3197
1.93,0.3198
1.93,0.3199
1.93,0.32
1.93,0.3201
1.93,0.3202
1.93,0.3203
1.93,0.3204
1.93,0.3205
1.93,0.3206
1.93,0.3207
1.93,0.3208
1.93,0.3209
1.94,0
1.94,0.0001
1.94,0.0002
1.94,0.0003
1.94,0.0004
1.94,0.0005
1.94,0.0006
1.94,0.0007
1.94,0.0008
1.94,0.0009
1.94,0.001
1.94,0.0011
1.94,0.0012
1.94,0.0013
1.94,0.0014
1.94,0.0015
1.94,0.0016
1.94,0.0017
1.94,0.0018
1.94,0.0019
1.94,0.002
1.94,0.0021
1.94,0.0022
1.94,0.0023
1.94,0.0024
1.94,0.0025
1.94,0.0026
1.94,0.0027
1.94,0.0028
1.94,0.0029
1.94,0.003
1.94,0.0031
1.94,0.0032
1.94,0.2947
1.94,0.2948
1.94,0.2949
1.94,0.295
1.94,0.2951
1.94,0.2952
1.94,0.2953
1.94,0.2954
1.94,0.2955
1.94,0.2956
1.94,0.2957
1.94,0.2958
1.94,0.2959
1.94,0.296
1.94,0.2961
1.94,0.2962
1.94,0.2963
1.94,0.2964
1.94,0.2965
1.94,0.2966
1.94,0.2967
1.94,0.2968
1.94,0.2969
1.94,0.297
1.94,0.2971
1.94,0.2972
1.94,0.2973
1.94,0.2974
1.94,0.2975
1.94,0.2976
1.94,0.2977
1.94,0.2978
1.94,0.2979
1.94,0.298
1.95,0
1.95,0.0001
1.95,0.0002
1.95,0.0003
1.95,0.0004
1.95,0.0005
1.95,0.0006
1.95,0.0007
1.95,0.0008
1.95,0.0009
1.95,0.001
1.95,0.0011
1.95,0.0012
1.95,0.0013
1.95,0.0014
1.95,0.0015
1.95,0.0016
1.95,0.0017
1.95,0.0018
1.95,0.0019
1.95,0.002
1.95,0.0021
1.95,0.0022
1.95,0.0023
1.95,0.0024
1.95,0.0025
1.95,0.0026
1.95,0.0027
1.95,0.0028
1.95,0.0029
1.95,0.003
1.95,0.0031
1.95,0.0032
1.95,0.0033
1.95,0.0034
1.95,0.0035
1.95,0.0036
1.95,0.0037
1.95,0.0038
1.95,0.0039
1.95,0.2691
1.95,0.2692
1.95,0.2693
1.95,0.2694
1.95,0.2695
1.95,0.2696
1.95,0.2697
1.95,0.2698
1.95,0.2699
1.95,0.27
1.95,0.2701
1.95,0.2702
1.95,0.2703
1.95,0.2704
1.95,0.2705
1.95,0.2706
1.95,0.2707
1.95,0.2708
1.95,0.2709
1.95,0.271
1.95,0.2711
1.95,0.2712
1.95,0.2713
1.95,0.2714
1.95,0.2715
1.95,0.2716
1.95,0.2717
1.95,0.2718
1.95,0.2719
1.95,0.272
1.95,0.2721
1.95,0.2722
1.95,0.2723
1.95,0.2724
1.95,0.2725
1.95,0.2726
1.95,0.2727
1.95,0.2728
1.95,0.2729
1.95,0.273
1.95,0.2731
1.96,0
1.96,0.0001
1.96,0.0002
1.96,0.0003
1.96,0.0004
1.96,0.0005
1.96,0.0006
1.96,0.0007
1.96,0.0008
1.96,0.0009
1.96,0.001
1.96,0.0011
1.96,0.0012
1.96,0.0013
1.96,0.0014
1.96,0.0015
1.96,0.0016
1.96,0.0017
1.96,0.0018
1.96,0.0019
1.96,0.002
1.96,0.0021
1.96,0.0022
1.96,0.0023
1.96,0.0024
1.96,0.0025
1.96,0.0026
1.96,0.0027
1.96,0.0028
1.96,0.0029
1.96,0.003
1.96,0.0031
1.96,0.0032
1.96,0.0033
1.96,0.0034
1.96,0.0035
1.96,0.0036
1.96,0.0037
1.96,0.0038
1.96,0.0039
1.96,0.004
1.96,0.0041
1.96,0.0042
1.96,0.0043
1.96,0.0044
1.96,0.0045
1.96,0.0046
1.96,0.0047
1.96,0.0048
1.96,0.0049
1.96,0.2405
1.96,0.2406
1.96,0.2407
1.96,0.2408
1.96,0.2409
1.96,0.241
1.96,0.2411
1.96,0.2412
1.96,0.2413
1.96,0.2414
1.96,0.2415
1.96,0.2416
1.96,0.2417
1.96,0.2418
1.96,0.2419
1.96,0.242
1.96,0.2421
1.96,0.2422
1.96,0.2423
1.96,0.2424
1.96,0.2425
1.96,0.2426
1.96,0.2427
1.96,0.2428
1.96,0.2429
1.96,0.243
1.96,0.2431
1.96,0.2432
1.96,0.2433
1.96,0.2434
1.96,0.2435
1.96,0.2436
1.96,0.2437
1.96,0.2438
1.96,0.2439
1.96,0.244
1.96,0.2441
1.96,0.2442
1.96,0.2443
1.96,0.2444
1.96,0.2445
1.96,0.2446
1.96,0.2447
1.96,0.2448
1.96,0.2449
1.96,0.245
1.96,0.2451
1.96,0.2452
1.96,0.2453
1.96,0.2454
1.97,0
1.97,0.0001
1.97,0.0002
1.97,0.0003
1.97,0.0004
1.97,0.0005
1.97,0.0006
1.97,0.0007
1.97,0.0008
1.97,0.0009
1.97,0.001
1.97,0.0011
1.97,0.0012
1.97,0.0013
1.97,0.0014
1.97,0.0015
1.97,0.0016
1.97,0.0017
1.97,0.0018
1.97,0.0019
1.97,0.002
1.97,0.0021
1.97,0.0022
1.97,0.0023
1.97,0.0024
1.97,0.0025
1.97,0.0026
1.97,0.0027
1.97,0.0028
1.97,0.0029
1.97,0.003
1.97,0.0031
1.97,0.0032
1.97,0.0033
1.97,0.0034
1.97,0.0035
1.97,0.0036
1.97,0.0037
1.97,0.0038
1.97,0.0039
1.97,0.004
1.97,0.0041
1.97,0.0042
1.97,0.0043
1.97,0.0044
1.97,0.0045
1.97,0.0046
1.97,0.0047
1.97,0.0048
1.97,0.0049
1.97,0.005
1.97,0.0051
1.97,0.0052
1.97,0.0053
1.97,0.0054
1.97,0.0055
1.97,0.0056
1.97,0.0057
1.97,0.0058
1.97,0.0059
1.97,0.006
1.97,0.0061
1.97,0.0062
1.97,0.0063
1.97,0.0064
1.97,0.0065
1.97,0.2075
1.97,0.2076
1.97,0.2077
1.97,0.2078
1.97,0.2079
1.97,0.208
1.97,0.2081
1.97,0.2082
1.97,0.2083
1.97,0.2084
1.97,0.2085
1.97,0.2086
1.97,0.2087
1.97,0.2088
1.97,0.2089
1.97,0.209
1.97,0.2091
1.97,0.2092
1.97,0.2093
1.97,0.2094
1.97,0.2095
1.97,0.2096
1.97,0.2097
1.97,0.2098
1.97,0.2099
1.97,0.21
1.97,0.2101
1.97,0.2102
1.97,0.2103
1.97,0.2104
1.97,0.2105
1.97,0.2106
1.97,0.2107
1.97,0.2108
1.97,0.2109
1.97,0.211
1.97,0.2111
1.97,0.2112
1.97,0.2113
1.97,0.2114
1.97,0.2115
1.97,0.2116
1.97,0.2117
1.97,0.2118
1.97,0.2119
1.97,0.212
1.97,0.2121
1.97,0.2122
1.97,0.2123
1.97,0.2124
1.97,0.2125
1.97,0.2126
1.97,0.2127
1.97,0.2128
1.97,0.2129
1.97,0.213
1.97,0.2131
1.97,0.2132
1.97,0.2133
1.97,0.2134
1.97,0.2135
1.97,0.2136
1.97,0.2137
1.97,0.2138
1.97,0.2139
1.97,0.214
1.97,0.2141
1.98,0
1.98,0.0001
1.98,0.0002
1.98,0.0003
1.98,0.0004
1.98,0.0005
1.98,0.0006
1.98,0.0007
1.98,0.0008
1.98,0.0009
1.98,0.001
1.98,0.0011
1.98,0.0012
1.98,0.0013
1.98,0.0014
1.98,0.0015
1.98,0.0016
1.98,0.0017
1.98,0.0018
1.98,0.0019
1.98,0.002
1.98,0.0021
1.98,0.0022
1.98,0.0023
1.98,0.0024
1.98,0.0025
1.98,0.0026
1.98,0.0027
1.98,0.0028
1.98,0.0029
1.98,0.003
1.98,0.0031
1.98,0.0032
1.98,0.0033
1.98,0.0034
1.98,0.0035
1.98,0.0036
1.98,0.0037
1.98,0.0038
1.98,0.0039
1.98,0.004
1.98,0.0041
1.98,0.0042
1.98,0.0043
1.98,0.0044
1.98,0.0045
1.98,0.0046
1.98,0.0047
1.98,0.0048
1.98,0.0049
1.98,0.005
1.98,0.0051
1.98,0.0052
1.98,0.0053
1.98,0.0054
1.98,0.0055
1.98,0.0056
1.98,0.0057
1.98,0.0058
1.98,0.0059
1.98,0.006
1.98,0.0061
1.98,0.0062
1.98,0.0063
1.98,0.0064
1.98,0.0065
1.98,0.0066
1.98,0.0067
1.98,0.0068
1.98,0.0069
1.98,0.007
1.98,0.0071
1.98,0.0072
1.98,0.0073
1.98,0.0074
1.98,0.0075
1.98,0.0076
1.98,0.0077
1.98,0.0078
1.98,0.0079
1.98,0.008
1.98,0.0081
1.98,0.0082
1.98,0.0083
1.98,0.0084
1.98,0.0085
1.98,0.0086
1.98,0.0087
1.98,0.0088
1.98,0.0089
1.98,0.009
1.98,0.0091
1.98,0.0092
1.98,0.0093
1.98,0.0094
1.98,0.0095
1.98,0.0096
1.98,0.0097
1.98,0.0098
1.98,0.0099
1.98,0.1673
1.98,0.1674
1.98,0.1675
1.98,0.1676
1.98,0.1677
1.98,0.1678
1.98,0.1679
1.98,0.168
1.98,0.1681
1.98,0.1682
1.98,0.1683
1.98,0.1684
1.98,0.1685
1.98,0.1686
1.98,0.1687
1.98,0.1688
1.98,0.1689
1.98,0.169
1.98,0.1691
1.98,0.1692
1.98,0.1693
1.98,0.1694
1.98,0.1695
1.98,0.1696
1.98,0.1697
1.98,0.1698
1.98,0.1699
1.98,0.17
1.98,0.1701
1.98,0.1702
1.98,0.1703
1.98,0.1704
1.98,0.1705
1.98,0.1706
1.98,0.1707
1.98,0.1708
1.98,0.1709
1.98,0.171
1.98,0.1711
1.98,0.1712
1.98,0.1713
1.98,0.1714
1.98,0.1715
1.98,0.1716
1.98,0.1717
1.98,0.1718
1.98,0.1719
1.98,0.172
1.98,0.1721
1.98,0.1722
1.98,0.1723
1.98,0.1724
1.98,0.1725
1.98,0.1726
1.98,0.1727
1.98,0.1728
1.98,0.1729
1.98,0.173
1.98,0.1731
1.98,0.1732
1.98,0.1733
1.98,0.1734
1.98,0.1735
1.98,0.1736
1.98,0.1737
1.98,0.1738
1.98,0.1739
1.98,0.174
1.98,0.1741
1.98,0.1742
1.98,0.1743
1.98,0.1744
1.98,0.1745
1.98,0.1746
1.98,0.1747
1.98,0.1748
1.98,0.1749
1.98,0.175
1.98,0.1751
1.98,0.1752
1.98,0.1753
1.98,0.1754
1.98,0.1755
1.98,0.1756
1.98,0.1757
1.98,0.1758
1.98,0.1759
1.98,0.176
1.98,0.1761
1.98,0.1762
1.98,0.1763
1.98,0.1764
1.98,0.1765
1.98,0.1766
1.98,0.1767
1.98,0.1768
1.98,0.1769
1.98,0.177
1.98,0.1771
1.98,0.1772
1.98,0.1773
1.99,0
1.99,0.0001
1.99,0.0002
1.99,0.0003
1.99,0.0004
1.99,0.0005
1.99,0.0006
1.99,0.0007
1.99,0.0008
1.99,0.0009
1.99,0.001
1.99,0.0011
1.99,0.0012
1.99,0.0013
1.99,0.0014
1.99,0.0015
1.99,0.0016
1.99,0.0017
1.99,0.0018
1.99,0.0019
1.99,0.002
1.99,0.0021
1.99,0.0022
1.99,0.0023
1.99,0.0024
1.99,0.0025
1.99,0.0026
1.99,0.0027
1.99,0.0028
1.99,0.0029
1.99,0.003
1.99,0.0031
1.99,0.0032
1.99,0.0033
1.99,0.0034
1.99,0.0035
1.99,0.0036
1.99,0.0037
1.99,0.0038
1.99,0.0039
1.99,0.004
1.99,0.0041
1.99,0.0042
1.99,0.0043
1.99,0.0044
1.99,0.0045
1.99,0.0046
1.99,0.0047
1.99,0.0048
1.99,0.0049
1.99,0.005
1.99,0.0051
1.99,0.0052
1.99,0.0053
1.99,0.0054
1.99,0.0055
1.99,0.0056
1.99,0.0057
1.99,0.0058
1.99,0.0059
1.99,0.006
1.99,0.0061
1.99,0.0062
1.99,0.0063
1.99,0.0064
1.99,0.0065
1.99,0.0066
1.99,0.0067
1.99,0.0068
1.99,0.0069
1.99,0.007
1.99,0.0071
1.99,0.0072
1.99,0.0073
1.99,0.0074
1.99,0.0075
1.99,0.0076
1.99,0.0077
1.99,0.0078
1.99,0.0079
1.99,0.008
1.99,0.0081
1.99,0.0082
1.99,0.0083
1.99,0.0084
1.99,0.0085
1.99,0.0086
1.99,0.0087
1.99,0.0088
1.99,0.0089
1.99,0.009
1.99,0.0091
1.99,0.0092
1.99,0.0093
1.99,0.0094
1.99,0.0095
1.99,0.0096
1.99,0.0097
1.99,0.0098
1.99,0.0099
1.99,0.01
1.99,0.0101
1.99,0.0102
1.99,0.0103
1.99,0.0104
1.99,0.0105
1.99,0.0106
1.99,0.0107
1.99,0.0108
1.99,0.0109
1.99,0.011
1.99,0.0111
1.99,0.0112
1.99,0.0113
1.99,0.0114
1.99,0.0115
1.99,0.0116
1.99,0.0117
1.99,0.0118
1.99,0.0119
1.99,0.012
1.99,0.0121
1.99,0.0122
1.99,0.0123
1.99,0.0124
1.99,0.0125
1.99,0.0126
1.99,0.0127
1.99,0.0128
1.99,0.0129
1.99,0.013
1.99,0.0131
1.99,0.0132
1.99,0.0133
1.99,0.0134
1.99,0.0135
1.99,0.0136
1.99,0.0137
1.99,0.0138
1.99,0.0139
1.99,0.014
1.99,0.0141
1.99,0.0142
1.99,0.0143
1.99,0.0144
1.99,0.0145
1.99,0.0146
1.99,0.0147
1.99,0.0148
1.99,0.0149
1.99,0.015
1.99,0.0151
1.99,0.0152
1.99,0.0153
1.99,0.0154
1.99,0.0155
1.99,0.0156
1.99,0.0157
1.99,0.0158
1.99,0.0159
1.99,0.016
1.99,0.0161
1.99,0.0162
1.99,0.0163
1.99,0.0164
1.99,0.0165
1.99,0.0166
1.99,0.0167
1.99,0.0168
1.99,0.0169
1.99,0.017
1.99,0.0171
1.99,0.0172
1.99,0.0173
1.99,0.0174
1.99,0.0175
1.99,0.0176
1.99,0.0177
1.99,0.0178
1.99,0.0179
1.99,0.018
1.99,0.0181
1.99,0.0182
1.99,0.0183
1.99,0.0184
1.99,0.0185
1.99,0.0186
1.99,0.0187
1.99,0.0188
1.99,0.0189
1.99,0.019
1.99,0.0191
1.99,0.0192
1.99,0.0193
1.99,0.0194
1.99,0.0195
1.99,0.0196
1.99,0.0197
1.99,0.0198
1.99,0.0199
1.99,0.02
1.99,0.0201
1.99,0.0202
1.99,0.0203
1.99,0.0204
1.99,0.1107
1.99,0.1108
1.99,0.1109
1.99,0.111
1.99,0.1111
1.99,0.1112
1.99,0.1113
1.99,0.1114
1.99,0.1115
1.99,0.1116
1.99,0.1117
1.99,0.1118
1.99,0.1119
1.99,0.112
1.99,0.1121
1.99,0.1122
1.99,0.1123
1.99,0.1124
1.99,0.1125
1.99,0.1126
1.99,0.1127
1.99,0.1128
1.99,0.1129
1.99,0.113
1.99,0.1131
1.99,0.1132
1.99,0.1133
1.99,0.1134
1.99,0.1135
1.99,0.1136
1.99,0.1137
1.99,0.1138
1.99,0.1139
1.99,0.114
1.99,0.1141
1.99,0.1142
1.99,0.1143
1.99,0.1144
1.99,0.1145
1.99,0.1146
1.99,0.1147
1.99,0.1148
1.99,0.1149
1.99,0.115
1.99,0.1151
1.99,0.1152
1.99,0.1153
1.99,0.1154
1.99,0.1155
1.99,0.1156
1.99,0.1157
1.99,0.1158
1.99,0.1159
1.99,0.116
1.99,0.1161
1.99,0.1162
1.99,0.1163
1.99,0.1164
1.99,0.1165
1.99,0.1166
1.99,0.1167
1.99,0.1168
1.99,0.1169
1.99,0.117
1.99,0.1171
1.99,0.1172
1.99,0.1173
1.99,0.1174
1.99,0.1175
1.99,0.1176
1.99,0.1177
1.99,0.1178
1.99,0.1179
1.99,0.118
1.99,0.1181
1.99,0.1182
1.99,0.1183
1.99,0.1184
1.99,0.1185
1.99,0.1186
1.99,0.1187
1.99,0.1188
1.99,0.1189
1.99,0.119
1.99,0.1191
1.99,0.1192
1.99,0.1193
1.99,0.1194
1.99,0.1195
1.99,0.1196
1.99,0.1197
1.99,0.1198
1.99,0.1199
1.99,0.12
1.99,0.1201
1.99,0.1202
1.99,0.1203
1.99,0.1204
1.99,0.1205
1.99,0.1206
1.99,0.1207
1.99,0.1208
1.99,0.1209
1.99,0.121
1.99,0.1211
1.99,0.1212
1.99,0.1213
1.99,0.1214
1.99,0.1215
1.99,0.1216
1.99,0.1217
1.99,0.1218
1.99,0.1219
1.99,0.122
1.99,0.1221
1.99,0.1222
1.99,0.1223
1.99,0.1224
1.99,0.1225
1.99,0.1226
1.99,0.1227
1.99,0.1228
1.99,0.1229
1.99,0.123
1.99,0.1231
1.99,0.1232
1.99,0.1233
1.99,0.1234
1.99,0.1235
1.99,0.1236
1.99,0.1237
1.99,0.1238
1.99,0.1239
1.99,0.124
1.99,0.1241
1.99,0.1242
1.99,0.1243
1.99,0.1244
1.99,0.1245
1.99,0.1246
1.99,0.1247
1.99,0.1248
1.99,0.1249
1.99,0.125
1.99,0.1251
1.99,0.1252
1.99,0.1253
1.99,0.1254
1.99,0.1255
1.99,0.1256
1.99,0.1257
1.99,0.1258
1.99,0.1259
1.99,0.126
1.99,0.1261
1.99,0.1262
1.99,0.1263
1.99,0.1264
1.99,0.1265
1.99,0.1266
1.99,0.1267
1.99,0.1268
1.99,0.1269
1.99,0.127
1.99,0.1271
1.99,0.1272
1.99,0.1273
1.99,0.1274
1.99,0.1275
1.99,0.1276
1.99,0.1277
1.99,0.1278
1.99,0.1279
1.99,0.128
1.99,0.1281
1.99,0.1282
1.99,0.1283
1.99,0.1284
1.99,0.1285
1.99,0.1286
1.99,0.1287
1.99,0.1288
1.99,0.1289
1.99,0.129
1.99,0.1291
1.99,0.1292
1.99,0.1293
1.99,0.1294
1.99,0.1295
1.99,0.1296
1.99,0.1297
1.99,0.1298
1.99,0.1299
1.99,0.13
1.99,0.1301
1.99,0.1302
1.99,0.1303
1.99,0.1304
1.99,0.1305
1.99,0.1306
1.99,0.1307
1.99,0.1308
1.99,0.1309
1.99,0.131
1.99,0.1311
1.99,0.1312
2,0
2,0.0001
2,0.0002
2,0.0003
2,0.0004
2,0.0005
2,0.0006
2,0.0007
2,0.0008
2,0.0009
2,0.001
2,0.0011
2,0.0012
2,0.0013
2,0.0014
2,0.0015
2,0.0016
2,0.0017
2,0.0018
2,0.0019
2,0.002
2,0.0021
2,0.0022
2,0.0023
2,0.0024
2,0.0025
2,0.0026
2,0.0027
2,0.0028
2,0.0029
2,0.003
2,0.0031
2,0.0032
2,0.0033
2,0.0034
2,0.0035
2,0.0036
2,0.0037
2,0.0038
2,0.0039
2,0.004
2,0.0041
2,0.0042
2,0.0043
2,0.0044
2,0.0045
2,0.0046
2,0.0047
2,0.0048
2,0.0049
2,0.005
2,0.0051
2,0.0052
2,0.0053
2,0.0054
2,0.0055
2,0.0056
2,0.0057
2,0.0058
2,0.0059
2,0.006
2,0.0061
2,0.0062
2,0.0063
2,0.0064
2,0.0065
2,0.0066
2,0.0067
2,0.0068
2,0.0069
2,0.007
2,0.0071
2,0.0072
2,0.0073
2,0.0074
2,0.0075
2,0.0076
2,0.0077
2,0.0078
2,0.0079
2,0.008
2,0.0081
2,0.0082
2,0.0083
2,0.0084
2,0.0085
2,0.0086
2,0.0087
2,0.0088
2,0.0089
2,0.009
2,0.0091
2,0.0092
2,0.0093
2,0.0094
2,0.0095
2,0.0096
2,0.0097
2,0.0098
2,0.0099
2,0.01
2,0.0101
2,0.0102
2,0.0103
2,0.0104
2,0.0105
2,0.0106
2,0.0107
2,0.0108
2,0.0109
2,0.011
2,0.0111
2,0.0112
2,0.0113
2,0.0114
2,0.0115
2,0.0116
2,0.0117
2,0.0118
2,0.0119
2,0.012
2,0.0121
2,0.0122
2,0.0123
2,0.0124
2,0.0125
2,0.0126
2,0.0127
2,0.0128
2,0.0129
2,0.013
2,0.0131
2,0.0132
2,0.0133
2,0.0134
2,0.0135
2,0.0136
2,0.0137
2,0.0138
2,0.0139
2,0.014
2,0.0141
2,0.0142
2,0.0143
2,0.0144
2,0.0145
2,0.0146
2,0.0147
2,0.0148
2,0.0149
2,0.015
2,0.0151
2,0.0152
2,0.0153
2,0.0154
2,0.0155
2,0.0156
2,0.0157
2,0.0158
2,0.0159
2,0.016
2,0.0161
2,0.0162
2,0.0163
2,0.0164
2,0.0165
2,0.0166
2,0.0167
2,0.0168
2,0.0169
2,0.017
2,0.0171
2,0.0172
2,0.0173
2,0.0174
2,0.0175
2,0.0176
2,0.0177
2,0.0178
2,0.0179
2,0.018
2,0.0181
2,0.0182
2,0.0183
2,0.0184
2,0.0185
2,0.0186
2,0.0187
2,0.0188
2,0.0189
2,0.019
2,0.0191
2,0.0192
2,0.0193
2,0.0194
2,0.0195
2,0.0196
2,0.0197
2,0.0198
2,0.0199
2,0.02
2,0.0201
2,0.0202
2,0.0203
2,0.0204
2,0.0205
2,0.0206
2,0.0207
2,0.0208
2,0.0209
2,0.021
2,0.0211
2,0.0212
2,0.0213
2,0.0214
2,0.0215
2,0.0216
2,0.0217
2,0.0218
2,0.0219
2,0.022
2,0.0221
2,0.0222
2,0.0223
2,0.0224
2,0.0225
2,0.0226
2,0.0227
2,0.0228
2,0.0229
2,0.023
2,0.0231
2,0.0232
2,0.0233
2,0.0234
2,0.0235
2,0.0236
2,0.0237
2,0.0238
2,0.0239
2,0.024
2,0.0241
2,0.0242
2,0.0243
2,0.0244
2,0.0245
2,0.0246
2,0.0247
2,0.0248
2,0.0249
2,0.025
2,0.0251
2,0.0252
2,0.0253
2,0.0254
2,0.0255
2,0.0256
2,0.0257
2,0.0258
2,0.0259
2,0.026
2,0.0261
2,0.0262
2,0.0263
2,0.0264
2,0.0265
2,0.0266
2,0.0267
2,0.0268
2,0.0269
2,0.027
2,0.0271
2,0.0272
2,0.0273
2,0.0274
2,0.0275
2,0.0276
2,0.0277
2,0.0278
2,0.0279
2,0.028
2,0.0281
2,0.0282
2,0.0283
2,0.0284
2,0.0285
2,0.0286
2,0.0287
2,0.0288
2,0.0289
2,0.029
2,0.0291
2,0.0292
2,0.0293
2,0.0294
2,0.0295
2,0.0296
2,0.0297
2,0.0298
2,0.0299
2,0.03
2,0.0301
2,0.0302
2,0.0303
2,0.0304
2,0.0305
2,0.0306
2,0.0307
2,0.0308
2,0.0309
2,0.031
2,0.0311
2,0.0312
2,0.0313
2,0.0314
2,0.0315
2,0.0316
2,0.0317
2,0.0318
2,0.0319
2,0.032
2,0.0321
2,0.0322
2,0.0323
2,0.0324
2,0.0325
2,0.0326
2,0.0327
2,0.0328
2,0.0329
2,0.033
2,0.0331
2,0.0332
2,0.0333
2,0.0334
2,0.0335
2,0.0336
2,0.0337
2,0.0338
2,0.0339
2,0.034
2,0.0341
2,0.0342
2,0.0343
2,0.0344
2,0.0345
2,0.0346
2,0.0347
2,0.0348
2,0.0349
2,0.035
2,0.0351
2,0.0352
2,0.0353
2,0.0354
2,0.0355
2,0.0356
2,0.0357
2,0.0358
2,0.0359
2,0.036
2,0.0361
2,0.0362
2,0.0363
2,0.0364
2,0.0365
2,0.0366
2,0.0367
2,0.0368
2,0.0369
2,0.037
2,0.0371
2,0.0372
2,0.0373
2,0.0374
2,0.0375
2,0.0376
2,0.0377
2,0.0378
2,0.0379
2,0.038
2,0.0381
2,0.0382
2,0.0383
2,0.0384
2,0.0385
2,0.0386
2,0.0387
2,0.0388
2,0.0389
2,0.039
2,0.0391
2,0.0392
2,0.0393
2,0.0394
2,0.0395
2,0.0396
2,0.0397
2,0.0398
2,0.0399
2,0.04
2,0.0401
2,0.0402
2,0.0403
2,0.0404
2,0.0405
2,0.0406
2,0.0407
2,0.0408
2,0.0409
2,0.041
2,0.0411
2,0.0412
2,0.0413
2,0.0414
2,0.0415
2,0.0416
2,0.0417
2,0.0418
2,0.0419
2,0.042
2,0.0421
2,0.0422
2,0.0423
2,0.0424
2,0.0425
2,0.0426
2,0.0427
2,0.0428
2,0.0429
2,0.043
2,0.0431
2,0.0432
2,0.0433
2,0.0434
2,0.0435
2,0.0436
2,0.0437
2,0.0438
2,0.0439
2,0.044
2,0.0441
2,0.0442
2,0.0443
2,0.0444
2,0.0445
2,0.0446
2,0.0447
2,0.0448
2,0.0449
2,0.045
2,0.0451
2,0.0452
2,0.0453
2,0.0454
2,0.0455
2,0.0456
2,0.0457
2,0.0458
2,0.0459
2,0.046
2,0.0461
2,0.0462
2,0.0463
2,0.0464
2,0.0465
2,0.0466
2,0.0467
2,0.0468
2,0.0469
2,0.047
2,0.0471
2,0.0472
2,0.0473
2,0.0474
2,0.0475
2,0.0476
2,0.0477
2,0.0478
2,0.0479
2,0.048
2,0.0481
2,0.0482
2,0.0483
2,0.0484
2,0.0485
2,0.0486
2,0.0487
2,0.0488
2,0.0489
2,0.049
2,0.0491
2,0.0492
2,0.0493
2,0.0494
2,0.0495
2,0.0496
2,0.0497
2,0.0498
2,0.0499
2,0.05
2,0.0501
2,0.0502
2,0.0503
2,0.0504
2,0.0505
2,0.0506
2,0.0507
2,0.0508
2,0.0509
2,0.051
2,0.0511
2,0.0512
2,0.0513
2,0.0514
2,0.0515
2,0.0516
2,0.0517
2,0.0518
2,0.0519
2,0.052
2,0.0521
2,0.0522
2,0.0523
2,0.0524
2,0.0525
2,0.0526
2,0.0527
2,0.0528
2,0.0529
2,0.053
2,0.0531
2,0.0532
2,0.0533
2,0.0534
2,0.0535
2,0.0536
2,0.0537
2,0.0538
2,0.0539
2,0.054
2,0.0541
2,0.0542
2,0.0543
2,0.0544
2,0.0545
2,0.0546
2,0.0547
2,0.0548
2,0.0549
2,0.055
2,0.0551
2,0.0552
2,0.0553
2,0.0554
2,0.0555
2,0.0556
2,0.0557
2,0.0558
2,0.0559
2,0.056
2,0.0561
2,0.0562
2,0.0563
2,0.0564
2,0.0565
2,0.0566
2,0.0567
2,0.0568
2,0.0569
2,0.057
2,0.0571
2,0.0572
2,0.0573
2,0.0574
2,0.0575
2,0.0576
2,0.0577
2,0.0578
2,0.0579
2,0.058
2,0.0581
2,0.0582
2,0.0583
2,0.0584
2,0.0585
2,0.0586
2,0.0587
2,0.0588
2,0.0589
2,0.059
2,0.0591
2,0.0592
2,0.0593
2,0.0594
2,0.0595
2,0.0596
2,0.0597
2,0.0598
2,0.0599
2,0.06
2,0.0601
2,0.0602
2,0.0603
2,0.0604
2,0.0605
2,0.0606
2,0.0607
2,0.0608
2,0.0609
2,0.061
2,0.0611
2,0.0612
2,0.0613
2,0.0614
2,0.0615
2,0.0616
2,0.0617
2,0.0618
2,0.0619
2,0.062
2,0.0621
2,0.0622
2,0.0623
2,0.0624
2,0.0625
2,0.0626
2,0.0627
2,0.0628
2,0.0629
2,0.063
2,0.0631
2,0.0632
2,0.0633
2,0.0634
2,0.0635
2,0.0636
2,0.0637
2,0.0638
2,0.0639
2,0.064
2,0.0641
2,0.0642
2,0.0643
2,0.0644
2,0.0645
2,0.0646
2,0.0647
2,0.0648
2,0.0649
2,0.065
2,0.0651
2,0.0652
2,0.0653
2,0.0654
2,0.0655
2,0.0656
2,0.0657
2,0.0658
2,0.0659
2,0.066
2,0.0661
2,0.0662
2,0.0663
2,0.0664
2,0.0665
2,0.0666
2,0.0667
2,0.0668
2,0.0669
2.01,0
2.01,0.0001
2.01,0.0002
2.01,0.0003
2.01,0.0004
2.01,0.0005
2.01,0.0006
2.01,0.0007
2.01,0.0008
2.01,0.0009
2.01,0.001
2.01,0.0011
2.01,0.0012
2.01,0.0013
2.01,0.0014
2.01,0.0015
2.01,0.0016
2.01,0.0017
2.01,0.0018
2.01,0.0019
2.01,0.002
2.01,0.0021
2.01,0.0022
2.01,0.0023
2.01,0.0024
2.01,0.0025
2.01,0.0026
2.01,0.0027
2.01,0.0028
2.01,0.0029
2.01,0.003
2.01,0.0031
2.01,0.0032
2.01,0.0033
2.01,0.0034
2.01,0.0035
2.01,0.0036
2.01,0.0037
2.01,0.0038
2.01,0.0039
2.01,0.004
2.01,0.0041
2.01,0.0042
2.01,0.0043
2.01,0.0044
2.01,0.0045
2.01,0.0046
2.01,0.0047
2.01,0.0048
2.01,0.0049
2.01,0.005
2.01,0.0051
2.01,0.0052
2.01,0.0053
2.01,0.0054
2.01,0.0055
2.01,0.0056
2.01,0.0057
2.01,0.0058
2.01,0.0059
2.01,0.006
2.01,0.0061
2.01,0.0062
2.01,0.0063
2.01,0.0064
2.01,0.0065
2.01,0.0066
2.01,0.0067
2.01,0.0068
2.01,0.0069
2.01,0.007
2.01,0.0071
2.01,0.0072
2.01,0.0073
2.01,0.0074
2.01,0.0075
2.01,0.0076
2.01,0.0077
2.01,0.0078
2.01,0.0079
2.01,0.008
2.01,0.0081
2.01,0.0082
2.01,0.0083
2.01,0.0084
2.01,0.0085
2.01,0.0086
2.01,0.0087
2.01,0.0088
2.01,0.0089
2.01,0.009
2.01,0.0091
2.01,0.0092
2.01,0.0093
2.01,0.0094
2.01,0.0095
2.01,0.0096
2.01,0.0097
2.01,0.0098
2.01,0.0099
2.01,0.01
2.01,0.0101
2.01,0.0102
2.01,0.0103
2.01,0.0104
2.01,0.0105
2.01,0.0106
2.01,0.0107
2.01,0.0108
2.01,0.0109
2.01,0.011
2.01,0.0111
2.01,0.0112
2.01,0.0113
2.01,0.0114
2.01,0.0115
2.01,0.0116
2.01,0.0117
2.01,0.0118
2.01,0.0119
2.01,0.012
2.01,0.0121
2.01,0.0122
2.01,0.0123
2.01,0.0124
2.01,0.0125
2.01,0.0126
2.01,0.0127
2.01,0.0128
2.01,0.0129
2.01,0.013
2.01,0.0131
2.01,0.0132
2.01,0.0133
2.01,0.0134
2.01,0.0135
2.01,0.0136
2.01,0.0137
2.01,0.0138
2.01,0.0139
2.01,0.014
2.01,0.0141
2.01,0.0142
2.01,0.0143
2.01,0.0144
2.01,0.0145
2.01,0.0146
2.01,0.0147
2.01,0.0148
2.01,0.0149
2.01,0.015
2.01,0.0151
2.01,0.0152
2.01,0.0153
2.01,0.0154
2.01,0.0155
2.01,0.0156
2.01,0.0157
2.01,0.0158
2.01,0.0159
2.01,0.016
2.01,0.0161
2.01,0.0162
2.01,0.0163
2.01,0.0164
2.01,0.0165
2.01,0.0166
2.01,0.0167
2.01,0.0168
2.01,0.0169
2.01,0.017
2.01,0.0171
2.01,0.0172
2.01,0.0173
2.01,0.0174
2.01,0.0175
2.01,0.0176
2.01,0.0177
2.01,0.0178
2.01,0.0179
2.01,0.018
2.01,0.0181
2.01,0.0182
2.01,0.0183
2.01,0.0184
2.01,0.0185
2.01,0.0186
2.01,0.0187
2.01,0.0188
2.01,0.0189
2.01,0.019
2.01,0.0191
2.01,0.0192
2.01,0.0193
2.01,0.0194
2.01,0.0195
2.01,0.0196
2.02,0
2.02,0.0001
2.02,0.0002
2.02,0.0003
2.02,0.0004
2.02,0.0005
2.02,0.0006
2.02,0.0007
2.02,0.0008
2.02,0.0009
2.02,0.001
2.02,0.0011
2.02,0.0012
2.02,0.0013
2.02,0.0014
2.02,0.0015
2.02,0.0016
2.02,0.0017
2.02,0.0018
2.02,0.0019
2.02,0.002
2.02,0.0021
2.02,0.0022
2.02,0.0023
2.02,0.0024
2.02,0.0025
2.02,0.0026
2.02,0.0027
2.02,0.0028
2.02,0.0029
2.02,0.003
2.02,0.0031
2.02,0.0032
2.02,0.0033
2.02,0.0034
2.02,0.0035
2.02,0.0036
2.02,0.0037
2.02,0.0038
2.02,0.0039
2.02,0.004
2.02,0.0041
2.02,0.0042
2.02,0.0043
2.02,0.0044
2.02,0.0045
2.02,0.0046
2.02,0.0047
2.02,0.0048
2.02,0.0049
2.02,0.005
2.02,0.0051
2.02,0.0052
2.02,0.0053
2.02,0.0054
2.02,0.0055
2.02,0.0056
2.02,0.0057
2.02,0.0058
2.02,0.0059
2.02,0.006
2.02,0.0061
2.02,0.0062
2.02,0.0063
2.02,0.0064
2.02,0.0065
2.02,0.0066
2.02,0.0067
2.02,0.0068
2.02,0.0069
2.02,0.007
2.02,0.0071
2.02,0.0072
2.02,0.0073
2.02,0.0074
2.02,0.0075
2.02,0.0076
2.02,0.0077
2.02,0.0078
2.02,0.0079
2.02,0.008
2.02,0.0081
2.02,0.0082
2.02,0.0083
2.02,0.0084
2.02,0.0085
2.02,0.0086
2.02,0.0087
2.02,0.0088
2.02,0.0089
2.02,0.009
2.02,0.0091
2.02,0.0092
2.02,0.0093
2.02,0.0094
2.02,0.0095
2.02,0.0096
2.02,0.0097
2.02,0.0098
2.02,0.0099
2.02,0.01
2.03,0
2.03,0.0001
2.03,0.0002
2.03,0.0003
2.03,0.0004
2.03,0.0005
2.03,0.0006
2.03,0.0007
2.03,0.0008
2.03,0.0009
2.03,0.001
2.03,0.0011
2.03,0.0012
2.03,0.0013
2.03,0.0014
2.03,0.0015
2.03,0.0016
2.03,0.0017
2.03,0.0018
2.03,0.0019
2.03,0.002
2.03,0.0021
2.03,0.0022
2.03,0.0023
2.03,0.0024
2.03,0.0025
2.03,0.0026
2.03,0.0027
2.03,0.0028
2.03,0.0029
2.03,0.003
2.03,0.0031
2.03,0.0032
2.03,0.0033
2.03,0.0034
2.03,0.0035
2.03,0.0036
2.03,0.0037
2.03,0.0038
2.03,0.0039
2.03,0.004
2.03,0.0041
2.03,0.0042
2.03,0.0043
2.03,0.0044
2.03,0.0045
2.03,0.0046
2.03,0.0047
2.03,0.0048
2.03,0.0049
2.03,0.005
2.03,0.0051
2.03,0.0052
2.03,0.0053
2.03,0.0054
2.03,0.0055
2.03,0.0056
2.03,0.0057
2.03,0.0058
2.03,0.0059
2.03,0.006
2.03,0.0061
2.03,0.0062
2.03,0.0063
2.03,0.0064
2.03,0.0065
2.03,0.0066
2.03,0.0067
2.04,0
2.04,0.0001
2.04,0.0002
2.04,0.0003
2.04,0.0004
2.04,0.0005
2.04,0.0006
2.04,0.0007
2.04,0.0008
2.04,0.0009
2.04,0.001
2.04,0.0011
2.04,0.0012
2.04,0.0013
2.04,0.0014
2.04,0.0015
2.04,0.0016
2.04,0.0017
2.04,0.0018
2.04,0.0019
2.04,0.002
2.04,0.0021
2.04,0.0022
2.04,0.0023
2.04,0.0024
2.04,0.0025
2.04,0.0026
2.04,0.0027
2.04,0.0028
2.04,0.0029
2.04,0.003
2.04,0.0031
2.04,0.0032
2.04,0.0033
2.04,0.0034
2.04,0.0035
2.04,0.0036
2.04,0.0037
2.04,0.0038
2.04,0.0039
2.04,0.004
2.04,0.0041
2.04,0.0042
2.04,0.0043
2.04,0.0044
2.04,0.0045
2.04,0.0046
2.04,0.0047
2.04,0.0048
2.04,0.0049
2.04,0.005
2.05,0
2.05,0.0001
2.05,0.0002
2.05,0.0003
2.05,0.0004
2.05,0.0005
2.05,0.0006
2.05,0.0007
2.05,0.0008
2.05,0.0009
2.05,0.001
2.05,0.0011
2.05,0.0012
2.05,0.0013
2.05,0.0014
2.05,0.0015
2.05,0.0016
2.05,0.0017
2.05,0.0018
2.05,0.0019
2.05,0.002
2.05,0.0021
2.05,0.0022
2.05,0.0023
2.05,0.0024
2.05,0.0025
2.05,0.0026
2.05,0.0027
2.05,0.0028
2.05,0.0029
2.05,0.003
2.05,0.0031
2.05,0.0032
2.05,0.0033
2.05,0.0034
2.05,0.0035
2.05,0.0036
2.05,0.0037
2.05,0.0038
2.05,0.0039
2.05,0.004
2.06,0
2.06,0.0001
2.06,0.0002
2.06,0.0003
2.06,0.0004
2.06,0.0005
2.06,0.0006
2.06,0.0007
2.06,0.0008
2.06,0.0009
2.06,0.001
2.06,0.0011
2.06,0.0012
2.06,0.0013
2.06,0.0014
2.06,0.0015
2.06,0.0016
2.06,0.0017
2.06,0.0018
2.06,0.0019
2.06,0.002
2.06,0.0021
2.06,0.0022
2.06,0.0023
2.06,0.0024
2.06,0.0025
2.06,0.0026
2.06,0.0027
2.06,0.0028
2.06,0.0029
2.06,0.003
2.06,0.0031
2.06,0.0032
2.06,0.0033
2.06,0.0034
2.07,0
2.07,0.0001
2.07,0.0002
2.07,0.0003
2.07,0.0004
2.07,0.0005
2.07,0.0006
2.07,0.0007
2.07,0.0008
2.07,0.0009
2.07,0.001
2.07,0.0011
2.07,0.0012
2.07,0.0013
2.07,0.0014
2.07,0.0015
2.07,0.0016
2.07,0.0017
2.07,0.0018
2.07,0.0019
2.07,0.002
2.07,0.0021
2.07,0.0022
2.07,0.0023
2.07,0.0024
2.07,0.0025
2.07,0.0026
2.07,0.0027
2.07,0.0028
2.07,0.0029
2.08,0
2.08,0.0001
2.08,0.0002
2.08,0.0003
2.08,0.0004
2.08,0.0005
2.08,0.0006
2.08,0.0007
2.08,0.0008
2.08,0.0009
2.08,0.001
2.08,0.0011
2.08,0.0012
2.08,0.0013
2.08,0.0014
2.08,0.0015
2.08,0.0016
2.08,0.0017
2.08,0.0018
2.08,0.0019
2.08,0.002
2.08,0.0021
2.08,0.0022
2.08,0.0023
2.08,0.0024
2.08,0.0025
2.09,0
2.09,0.0001
2.09,0.0002
2.09,0.0003
2.09,0.0004
2.09,0.0005
2.09,0.0006
2.09,0.0007
2.09,0.0008
2.09,0.0009
2.09,0.001
2.09,0.0011
2.09,0.0012
2.09,0.0013
2.09,0.0014
2.09,0.0015
2.09,0.0016
2.09,0.0017
2.09,0.0018
2.09,0.0019
2.09,0.002
2.09,0.0021
2.09,0.0022
2.09,0.0023
2.1,0
2.1,0.0001
2.1,0.0002
2.1,0.0003
2.1,0.0004
2.1,0.0005
2.1,0.0006
2.1,0.0007
2.1,0.0008
2.1,0.0009
2.1,0.001
2.1,0.0011
2.1,0.0012
2.1,0.0013
2.1,0.0014
2.1,0.0015
2.1,0.0016
2.1,0.0017
2.1,0.0018
2.1,0.0019
2.1,0.002
2.11,0
2.11,0.0001
2.11,0.0002
2.11,0.0003
2.11,0.0004
2.11,0.0005
2.11,0.0006
2.11,0.0007
2.11,0.0008
2.11,0.0009
2.11,0.001
2.11,0.0011
2.11,0.0012
2.11,0.0013
2.11,0.0014
2.11,0.0015
2.11,0.0016
2.11,0.0017
2.11,0.0018
2.11,0.0019
2.12,0
2.12,0.0001
2.12,0.0002
2.12,0.0003
2.12,0.0004
2.12,0.0005
2.12,0.0006
2.12,0.0007
2.12,0.0008
2.12,0.0009
2.12,0.001
2.12,0.0011
2.12,0.0012
2.12,0.0013
2.12,0.0014
2.12,0.0015
2.12,0.0016
2.12,0.0017
2.13,0
2.13,0.0001
2.13,0.0002
2.13,0.0003
2.13,0.0004
2.13,0.0005
2.13,0.0006
2.13,0.0007
2.13,0.0008
2.13,0.0009
2.13,0.001
2.13,0.0011
2.13,0.0012
2.13,0.0013
2.13,0.0014
2.13,0.0015
2.13,0.0016
2.14,0
2.14,0.0001
2.14,0.0002
2.14,0.0003
2.14,0.0004
2.14,0.0005
2.14,0.0006
2.14,0.0007
2.14,0.0008
2.14,0.0009
2.14,0.001
2.14,0.0011
2.14,0.0012
2.14,0.0013
2.14,0.0014
2.14,0.0015
2.15,0
2.15,0.0001
2.15,0.0002
2.15,0.0003
2.15,0.0004
2.15,0.0005
2.15,0.0006
2.15,0.0007
2.15,0.0008
2.15,0.0009
2.15,0.001
2.15,0.0011
2.15,0.0012
2.15,0.0013
2.15,0.0014
2.16,0
2.16,0.0001
2.16,0.0002
2.16,0.0003
2.16,0.0004
2.16,0.0005
2.16,0.0006
2.16,0.0007
2.16,0.0008
2.16,0.0009
2.16,0.001
2.16,0.0011
2.16,0.0012
2.16,0.0013
2.17,0
2.17,0.0001
2.17,0.0002
2.17,0.0003
2.17,0.0004
2.17,0.0005
2.17,0.0006
2.17,0.0007
2.17,0.0008
2.17,0.0009
2.17,0.001
2.17,0.0011
2.17,0.0012
2.18,0
2.18,0.0001
2.18,0.0002
2.18,0.0003
2.18,0.0004
2.18,0.0005
2.18,0.0006
2.18,0.0007
2.18,0.0008
2.18,0.0009
2.18,0.001
2.18,0.0011
2.18,0.0012
2.19,0
2.19,0.0001
2.19,0.0002
2.19,0.0003
2.19,0.0004
2.19,0.0005
2.19,0.0006
2.19,0.0007
2.19,0.0008
2.19,0.0009
2.19,0.001
2.19,0.0011
2.2,0
2.2,0.0001
2.2,0.0002
2.2,0.0003
2.2,0.0004
2.2,0.0005
2.2,0.0006
2.2,0.0007
2.2,0.0008
2.2,0.0009
2.2,0.001
2.21,0
2.21,0.0001
2.21,0.0002
2.21,0.0003
2.21,0.0004
2.21,0.0005
2.21,0.0006
2.21,0.0007
2.21,0.0008
2.21,0.0009
2.21,0.001
2.22,0
2.22,0.0001
2.22,0.0002
2.22,0.0003
2.22,0.0004
2.22,0.0005
2.22,0.0006
2.22,0.0007
2.22,0.0008
2.22,0.0009
2.22,0.001
2.23,0
2.23,0.0001
2.23,0.0002
2.23,0.0003
2.23,0.0004
2.23,0.0005
2.23,0.0006
2.23,0.0007
2.23,0.0008
2.23,0.0009
2.24,0
2.24,0.0001
2.24,0.0002
2.24,0.0003
2.24,0.0004
2.24,0.0005
2.24,0.0006
2.24,0.0007
2.24,0.0008
2.24,0.0009
2.25,0
2.25,0.0001
2.25,0.0002
2.25,0.0003
2.25,0.0004
2.25,0.0005
2.25,0.0006
2.25,0.0007
2.25,0.0008
2.26,0
2.26,0.0001
2.26,0.0002
2.26,0.0003
2.26,0.0004
2.26,0.0005
2.26,0.0006
2.26,0.0007
2.26,0.0008
2.27,0
2.27,0.0001
2.27,0.0002
2.27,0.0003
2.27,0.0004
2.27,0.0005
2.27,0.0006
2.27,0.0007
2.27,0.0008
2.28,0
2.28,0.0001
2.28,0.0002
2.28,0.0003
2.28,0.0004
2.28,0.0005
2.28,0.0006
2.28,0.0007
2.28,0.0008
2.29,0
2.29,0.0001
2.29,0.0002
2.29,0.0003
2.29,0.0004
2.29,0.0005
2.29,0.0006
2.29,0.0007
2.3,0
2.3,0.0001
2.3,0.0002
2.3,0.0003
2.3,0.0004
2.3,0.0005
2.3,0.0006
2.3,0.0007
2.31,0
2.31,0.0001
2.31,0.0002
2.31,0.0003
2.31,0.0004
2.31,0.0005
2.31,0.0006
2.31,0.0007
2.32,0
2.32,0.0001
2.32,0.0002
2.32,0.0003
2.32,0.0004
2.32,0.0005
2.32,0.0006
2.32,0.0007
2.33,0
2.33,0.0001
2.33,0.0002
2.33,0.0003
2.33,0.0004
2.33,0.0005
2.33,0.0006
2.33,0.0007
2.34,0
2.34,0.0001
2.34,0.0002
2.34,0.0003
2.34,0.0004
2.34,0.0005
2.34,0.0006
2.35,0
2.35,0.0001
2.35,0.0002
2.35,0.0003
2.35,0.0004
2.35,0.0005
2.35,0.0006
2.36,0
2.36,0.0001
2.36,0.0002
2.36,0.0003
2.36,0.0004
2.36,0.0005
2.36,0.0006
2.37,0
2.37,0.0001
2.37,0.0002
2.37,0.0003
2.37,0.0004
2.37,0.0005
2.37,0.0006
2.38,0
2.38,0.0001
2.38,0.0002
2.38,0.0003
2.38,0.0004
2.38,0.0005
2.38,0.0006
2.39,0
2.39,0.0001
2.39,0.0002
2.39,0.0003
2.39,0.0004
2.39,0.0005
2.39,0.0006
2.4,0
2.4,0.0001
2.4,0.0002
2.4,0.0003
2.4,0.0004
2.4,0.0005
2.41,0
2.41,0.0001
2.41,0.0002
2.41,0.0003
2.41,0.0004
2.41,0.0005
2.42,0
2.42,0.0001
2.42,0.0002
2.42,0.0003
2.42,0.0004
2.42,0.0005
2.43,0
2.43,0.0001
2.43,0.0002
2.43,0.0003
2.43,0.0004
2.43,0.0005
2.44,0
2.44,0.0001
2.44,0.0002
2.44,0.0003
2.44,0.0004
2.44,0.0005
2.45,0
2.45,0.0001
2.45,0.0002
2.45,0.0003
2.45,0.0004
2.45,0.0005
2.46,0
2.46,0.0001
2.46,0.0002
2.46,0.0003
2.46,0.0004
2.46,0.0005
2.47,0
2.47,0.0001
2.47,0.0002
2.47,0.0003
2.47,0.0004
2.47,0.0005
2.48,0
2.48,0.0001
2.48,0.0002
2.48,0.0003
2.48,0.0004
2.48,0.0005
2.49,0
2.49,0.0001
2.49,0.0002
2.49,0.0003
2.49,0.0004
2.49,0.0005
2.5,0
2.5,0.0001
2.5,0.0002
2.5,0.0003
2.5,0.0004
2.51,0
2.51,0.0001
2.51,0.0002
2.51,0.0003
2.51,0.0004
2.52,0
2.52,0.0001
2.52,0.0002
2.52,0.0003
2.52,0.0004
2.53,0
2.53,0.0001
2.53,0.0002
2.53,0.0003
2.53,0.0004
2.54,0
2.54,0.0001
2.54,0.0002
2.54,0.0003
2.54,0.0004
2.55,0
2.55,0.0001
2.55,0.0002
2.55,0.0003
2.55,0.0004
2.56,0
2.56,0.0001
2.56,0.0002
2.56,0.0003
2.56,0.0004
2.57,0
2.57,0.0001
2.57,0.0002
2.57,0.0003
2.57,0.0004
2.58,0
2.58,0.0001
2.58,0.0002
2.58,0.0003
2.58,0.0004
2.59,0
2.59,0.0001
2.59,0.0002
2.59,0.0003
2.59,0.0004
2.6,0
2.6,0.0001
2.6,0.0002
2.6,0.0003
2.6,0.0004
2.61,0
2.61,0.0001
2.61,0.0002
2.61,0.0003
2.61,0.0004
2.62,0
2.62,0.0001
2.62,0.0002
2.62,0.0003
2.62,0.0004
2.63,0
2.63,0.0001
2.63,0.0002
2.63,0.0003
2.63,0.0004
2.64,0
2.64,0.0001
2.64,0.0002
2.64,0.0003
2.64,0.0004
2.65,0
2.65,0.0001
2.65,0.0002
2.65,0.0003
2.65,0.0004
2.66,0
2.66,0.0001
2.66,0.0002
2.66,0.0003
2.66,0.0004
2.67,0
2.67,0.0001
2.67,0.0002
2.67,0.0003
2.68,0
2.68,0.0001
2.68,0.0002
2.68,0.0003
2.69,0
2.69,0.0001
2.69,0.0002
2.69,0.0003
2.7,0
2.7,0.0001
2.7,0.0002
2.7,0.0003
2.71,0
2.71,0.0001
2.71,0.0002
2.71,0.0003
2.72,0
2.72,0.0001
2.72,0.0002
2.72,0.0003
2.73,0
2.73,0.0001
2.73,0.0002
2.73,0.0003
2.74,0
2.74,0.0001
2.74,0.0002
2.74,0.0003
2.75,0
2.75,0.0001
2.75,0.0002
2.75,0.0003
2.76,0
2.76,0.0001
2.76,0.0002
2.76,0.0003
2.77,0
2.77,0.0001
2.77,0.0002
2.77,0.0003
2.78,0
2.78,0.0001
2.78,0.0002
2.78,0.0003
2.79,0
2.79,0.0001
2.79,0.0002
2.79,0.0003
2.8,0
2.8,0.0001
2.8,0.0002
2.8,0.0003
2.81,0
2.81,0.0001
2.81,0.0002
2.81,0.0003
2.82,0
2.82,0.0001
2.82,0.0002
2.82,0.0003
2.83,0
2.83,0.0001
2.83,0.0002
2.83,0.0003
2.84,0
2.84,0.0001
2.84,0.0002
2.84,0.0003
2.85,0
2.85,0.0001
2.85,0.0002
2.85,0.0003
2.86,0
2.86,0.0001
2.86,0.0002
2.86,0.0003
2.87,0
2.87,0.0001
2.87,0.0002
2.87,0.0003
2.88,0
2.88,0.0001
2.88,0.0002
2.88,0.0003
2.89,0
2.89,0.0001
2.89,0.0002
2.89,0.0003
2.9,0
2.9,0.0001
2.9,0.0002
2.9,0.0003
2.91,0
2.91,0.0001
2.91,0.0002
2.91,0.0003
2.92,0
2.92,0.0001
2.92,0.0002
2.92,0.0003
2.93,0
2.93,0.0001
2.93,0.0002
2.93,0.0003
2.94,0
2.94,0.0001
2.94,0.0002
2.94,0.0003
2.95,0
2.95,0.0001
2.95,0.0002
2.95,0.0003
2.96,0
2.96,0.0001
2.96,0.0002
2.96,0.0003
2.97,0
2.97,0.0001
2.97,0.0002
2.97,0.0003
2.98,0
2.98,0.0001
2.98,0.0002
2.98,0.0003
2.99,0
2.99,0.0001
2.99,0.0002
2.99,0.0003
3,0
3,0.0001
3,0.0002
3.01,0
3.01,0.0001
3.01,0.0002
3.02,0
3.02,0.0001
3.02,0.0002
3.03,0
3.03,0.0001
3.03,0.0002
3.04,0
3.04,0.0001
3.04,0.0002
3.05,0
3.05,0.0001
3.05,0.0002
3.06,0
3.06,0.0001
3.06,0.0002
3.07,0
3.07,0.0001
3.07,0.0002
3.08,0
3.08,0.0001
3.08,0.0002
3.09,0
3.09,0.0001
3.09,0.0002
3.1,0
3.1,0.0001
3.1,0.0002
3.11,0
3.11,0.0001
3.11,0.0002
3.12,0
3.12,0.0001
3.12,0.0002
3.13,0
3.13,0.0001
3.13,0.0002
3.14,0
3.14,0.0001
3.14,0.0002
3.15,0
3.15,0.0001
3.15,0.0002
3.16,0
3.16,0.0001
3.16,0.0002
3.17,0
3.17,0.0001
3.17,0.0002
3.18,0
3.18,0.0001
3.18,0.0002
3.19,0
3.19,0.0001
3.19,0.0002
3.2,0
3.2,0.0001
3.2,0.0002
3.21,0
3.21,0.0001
3.21,0.0002
3.22,0
3.22,0.0001
3.22,0.0002
3.23,0
3.23,0.0001
3.23,0.0002
3.24,0
3.24,0.0001
3.24,0.0002
3.25,0
3.25,0.0001
3.25,0.0002
3.26,0
3.26,0.0001
3.26,0.0002
3.27,0
3.27,0.0001
3.27,0.0002
3.28,0
3.28,0.0001
3.28,0.0002
3.29,0
3.29,0.0001
3.29,0.0002
3.3,0
3.3,0.0001
3.3,0.0002
3.31,0
3.31,0.0001
3.31,0.0002
3.32,0
3.32,0.0001
3.32,0.0002
3.33,0
3.33,0.0001
3.33,0.0002
3.34,0
3.34,0.0001
3.34,0.0002
3.35,0
3.35,0.0001
3.35,0.0002
3.36,0
3.36,0.0001
3.36,0.0002
3.37,0
3.37,0.0001
3.37,0.0002
3.38,0
3.38,0.0001
3.38,0.0002
3.39,0
3.39,0.0001
3.39,0.0002
3.4,0
3.4,0.0001
3.4,0.0002
3.41,0
3.41,0.0001
3.41,0.0002
3.42,0
3.42,0.0001
3.42,0.0002
3.43,0
3.43,0.0001
3.43,0.0002
3.44,0
3.44,0.0001
3.44,0.0002
3.45,0
3.45,0.0001
3.45,0.0002
3.46,0
3.46,0.0001
3.46,0.0002
3.47,0
3.47,0.0001
3.47,0.0002
3.48,0
3.48,0.0001
3.48,0.0002
3.49,0
3.49,0.0001
3.49,0.0002
3.5,0
3.5,0.0001
3.5,0.0002
3.51,0
3.51,0.0001
3.51,0.0002
3.52,0
3.52,0.0001
3.52,0.0002
3.53,0
3.53,0.0001
3.53,0.0002
3.54,0
3.54,0.0001
3.54,0.0002
3.55,0
3.55,0.0001
3.55,0.0002
3.56,0
3.56,0.0001
3.56,0.0002
3.57,0
3.57,0.0001
3.57,0.0002
3.58,0
3.58,0.0001
3.58,0.0002
3.59,0
3.59,0.0001
3.59,0.0002
3.6,0
3.6,0.0001
3.6,0.0002
3.61,0
3.61,0.0001
3.61,0.0002
3.62,0
3.62,0.0001
3.62,0.0002
3.63,0
3.63,0.0001
3.63,0.0002
3.64,0
3.64,0.0001
3.64,0.0002
3.65,0
3.65,0.0001
3.65,0.0002
3.66,0
3.66,0.0001
3.66,0.0002
3.67,0
3.67,0.0001
3.67,0.0002
3.68,0
3.68,0.0001
3.68,0.0002
3.69,0
3.69,0.0001
3.69,0.0002
3.7,0
3.7,0.0001
3.7,0.0002
3.71,0
3.71,0.0001
3.71,0.0002
3.72,0
3.72,0.0001
3.72,0.0002
3.73,0
3.73,0.0001
3.73,0.0002
3.74,0
3.74,0.0001
3.74,0.0002
3.75,0
3.75,0.0001
3.75,0.0002
3.76,0
3.76,0.0001
3.76,0.0002
3.77,0
3.77,0.0001
3.77,0.0002
3.78,0
3.78,0.0001
3.78,0.0002
3.79,0
3.79,0.0001
3.79,0.0002
3.8,0
3.8,0.0001
3.8,0.0002
3.81,0
3.81,0.0001
3.81,0.0002
3.82,0
3.82,0.0001
3.82,0.0002
3.83,0
3.83,0.0001
3.83,0.0002
3.84,0
3.84,0.0001
3.84,0.0002
3.85,0
3.85,0.0001
3.85,0.0002
3.86,0
3.86,0.0001
3.86,0.0002
3.87,0
3.87,0.0001
3.87,0.0002
3.88,0
3.88,0.0001
3.88,0.0002
3.89,0
3.89,0.0001
3.89,0.0002
3.9,0
3.9,0.0001
3.9,0.0002
3.91,0
3.91,0.0001
3.91,0.0002
3.92,0
3.92,0.0001
3.92,0.0002
3.93,0
3.93,0.0001
3.93,0.0002
3.94,0
3.94,0.0001
3.94,0.0002
3.95,0
3.95,0.0001
3.95,0.0002
3.96,0
3.96,0.0001
3.96,0.0002
3.97,0
3.97,0.0001
3.97,0.0002
3.98,0
3.98,0.0001
3.98,0.0002
3.99,0
3.99,0.0001
3.99,0.0002
4,0
4,0.0001
4.01,0
4.01,0.0001
4.02,0
4.02,0.0001
4.03,0
4.03,0.0001
4.04,0
4.04,0.0001
4.05,0
4.05,0.0001
4.06,0
4.06,0.0001
4.07,0
4.07,0.0001
4.08,0
4.08,0.0001
4.09,0
4.09,0.0001
4.1,0
4.1,0.0001
4.11,0
4.11,0.0001
4.12,0
4.12,0.0001
4.13,0
4.13,0.0001
4.14,0
4.14,0.0001
4.15,0
4.15,0.0001
4.16,0
4.16,0.0001
4.17,0
4.17,0.0001
4.18,0
4.18,0.0001
4.19,0
4.19,0.0001
4.2,0
4.2,0.0001
4.21,0
4.21,0.0001
4.22,0
4.22,0.0001
4.23,0
4.23,0.0001
4.24,0
4.24,0.0001
4.25,0
4.25,0.0001
4.26,0
4.26,0.0001
4.27,0
4.27,0.0001
4.28,0
4.28,0.0001
4.29,0
4.29,0.0001
4.3,0
4.3,0.0001
4.31,0
4.31,0.0001
4.32,0
4.32,0.0001
4.33,0
4.33,0.0001
4.34,0
4.34,0.0001
4.35,0
4.35,0.0001
4.36,0
4.36,0.0001
4.37,0
4.37,0.0001
4.38,0
4.38,0.0001
4.39,0
4.39,0.0001
4.4,0
4.4,0.0001
4.41,0
4.41,0.0001
4.42,0
4.42,0.0001
4.43,0
4.43,0.0001
4.44,0
4.44,0.0001
4.45,0
4.45,0.0001
4.46,0
4.46,0.0001
4.47,0
4.47,0.0001
4.48,0
4.48,0.0001
4.49,0
4.49,0.0001
4.5,0
4.5,0.0001
4.51,0
4.51,0.0001
4.52,0
4.52,0.0001
4.53,0
4.53,0.0001
4.54,0
4.54,0.0001
4.55,0
4.55,0.0001
4.56,0
4.56,0.0001
4.57,0
4.57,0.0001
4.58,0
4.58,0.0001
4.59,0
4.59,0.0001
4.6,0
4.6,0.0001
4.61,0
4.61,0.0001
4.62,0
4.62,0.0001
4.63,0
4.63,0.0001
4.64,0
4.64,0.0001
4.65,0
4.65,0.0001
4.66,0
4.66,0.0001
4.67,0
4.67,0.0001
4.68,0
4.68,0.0001
4.69,0
4.69,0.0001
4.7,0
4.7,0.0001
4.71,0
4.71,0.0001
4.72,0
4.72,0.0001
4.73,0
4.73,0.0001
4.74,0
4.74,0.0001
4.75,0
4.75,0.0001
4.76,0
4.76,0.0001
4.77,0
4.77,0.0001
4.78,0
4.78,0.0001
4.79,0
4.79,0.0001
4.8,0
4.8,0.0001
4.81,0
4.81,0.0001
4.82,0
4.82,0.0001
4.83,0
4.83,0.0001
4.84,0
4.84,0.0001
4.85,0
4.85,0.0001
4.86,0
4.86,0.0001
4.87,0
4.87,0.0001
4.88,0
4.88,0.0001
4.89,0
4.89,0.0001
4.9,0
4.9,0.0001
4.91,0
4.91,0.0001
4.92,0
4.92,0.0001
4.93,0
4.93,0.0001
4.94,0
4.94,0.0001
4.95,0
4.95,0.0001
4.96,0
4.96,0.0001
4.97,0
4.97,0.0001
4.98,0
4.98,0.0001
4.99,0
4.99,0.0001
5,0
5,0.0001
5.01,0
5.01,0.0001
5.02,0
5.02,0.0001
5.03,0
5.03,0.0001
5.04,0
5.04,0.0001
5.05,0
5.05,0.0001
5.06,0
5.06,0.0001
5.07,0
5.07,0.0001
5.08,0
5.08,0.0001
5.09,0
5.09,0.0001
5.1,0
5.1,0.0001
5.11,0
5.11,0.0001
5.12,0
5.12,0.0001
5.13,0
5.13,0.0001
5.14,0
5.14,0.0001
5.15,0
5.15,0.0001
5.16,0
5.16,0.0001
5.17,0
5.17,0.0001
5.18,0
5.18,0.0001
5.19,0
5.19,0.0001
5.2,0
5.2,0.0001
5.21,0
5.21,0.0001
5.22,0
5.22,0.0001
5.23,0
5.23,0.0001
5.24,0
5.24,0.0001
5.25,0
5.25,0.0001
5.26,0
5.26,0.0001
5.27,0
5.27,0.0001
5.28,0
5.28,0.0001
5.29,0
5.29,0.0001
5.3,0
5.3,0.0001
5.31,0
5.31,0.0001
5.32,0
5.32,0.0001
5.33,0
5.33,0.0001
5.34,0
5.34,0.0001
5.35,0
5.35,0.0001
5.36,0
5.36,0.0001
5.37,0
5.37,0.0001
5.38,0
5.38,0.0001
5.39,0
5.39,0.0001
5.4,0
5.4,0.0001
5.41,0
5.41,0.0001
5.42,0
5.42,0.0001
5.43,0
5.43,0.0001
5.44,0
5.44,0.0001
5.45,0
5.45,0.0001
5.46,0
5.46,0.0001
5.47,0
5.47,0.0001
5.48,0
5.48,0.0001
5.49,0
5.49,0.0001
5.5,0
5.5,0.0001
5.51,0
5.51,0.0001
5.52,0
5.52,0.0001
5.53,0
5.53,0.0001
5.54,0
5.54,0.0001
5.55,0
5.55,0.0001
5.56,0
5.56,0.0001
5.57,0
5.57,0.0001
5.58,0
5.58,0.0001
5.59,0
5.59,0.0001
5.6,0
5.6,0.0001
5.61,0
5.61,0.0001
5.62,0
5.62,0.0001
5.63,0
5.63,0.0001
5.64,0
5.64,0.0001
5.65,0
5.65,0.0001
5.66,0
5.66,0.0001
5.67,0
5.67,0.0001
5.68,0
5.68,0.0001
5.69,0
5.69,0.0001
5.7,0
5.7,0.0001
5.71,0
5.71,0.0001
5.72,0
5.72,0.0001
5.73,0
5.73,0.0001
5.74,0
5.74,0.0001
5.75,0
5.75,0.0001
5.76,0
5.76,0.0001
5.77,0
5.77,0.0001
5.78,0
5.78,0.0001
5.79,0
5.79,0.0001
5.8,0
5.8,0.0001
5.81,0
5.81,0.0001
5.82,0
5.82,0.0001
5.83,0
5.83,0.0001
5.84,0
5.84,0.0001
5.85,0
5.85,0.0001
5.86,0
5.86,0.0001
5.87,0
5.87,0.0001
5.88,0
5.88,0.0001
5.89,0
5.89,0.0001
5.9,0
5.9,0.0001
5.91,0
5.91,0.0001
5.92,0
5.92,0.0001
5.93,0
5.93,0.0001
5.94,0
5.94,0.0001
5.95,0
5.95,0.0001
5.96,0
5.96,0.0001
5.97,0
5.97,0.0001
5.98,0
5.98,0.0001
5.99,0
5.99,0.0001
6,0
6,0.0001
6.01,0
6.01,0.0001
6.02,0
6.02,0.0001
6.03,0
6.03,0.0001
6.04,0
6.04,0.0001
6.05,0
6.05,0.0001
6.06,0
6.06,0.0001
6.07,0
6.07,0.0001
6.08,0
6.08,0.0001
6.09,0
6.09,0.0001
6.1,0
6.1,0.0001
6.11,0
6.11,0.0001
6.12,0
6.12,0.0001
6.13,0
6.13,0.0001
6.14,0
6.14,0.0001
6.15,0
6.15,0.0001
6.16,0
6.16,0.0001
6.17,0
6.17,0.0001
6.18,0
6.18,0.0001
6.19,0
6.19,0.0001
6.2,0
6.2,0.0001
6.21,0
6.21,0.0001
6.22,0
6.22,0.0001
6.23,0
6.23,0.0001
6.24,0
6.24,0.0001
6.25,0
6.25,0.0001
6.26,0
6.26,0.0001
6.27,0
6.27,0.0001
6.28,0
6.28,0.0001
6.29,0
6.29,0.0001
6.3,0
6.3,0.0001
6.31,0
6.31,0.0001
6.32,0
6.32,0.0001
6.33,0
6.33,0.0001
6.34,0
6.34,0.0001
6.35,0
6.35,0.0001
6.36,0
6.36,0.0001
6.37,0
6.37,0.0001
6.38,0
6.38,0.0001
6.39,0
6.39,0.0001
6.4,0
6.4,0.0001
6.41,0
6.41,0.0001
6.42,0
6.42,0.0001
6.43,0
6.43,0.0001
6.44,0
6.44,0.0001
6.45,0
6.45,0.0001
6.46,0
6.46,0.0001
6.47,0
6.47,0.0001
6.48,0
6.48,0.0001
6.49,0
6.49,0.0001
6.5,0
6.5,0.0001
6.51,0
6.51,0.0001
6.52,0
6.52,0.0001
6.53,0
6.53,0.0001
6.54,0
6.54,0.0001
6.55,0
6.55,0.0001
6.56,0
6.56,0.0001
6.57,0
6.57,0.0001
6.58,0
6.58,0.0001
6.59,0
6.59,0.0001
6.6,0
6.6,0.0001
6.61,0
6.61,0.0001
6.62,0
6.62,0.0001
6.63,0
6.63,0.0001
6.64,0
6.64,0.0001
6.65,0
6.65,0.0001
6.66,0
6.66,0.0001
6.67,0
6.67,0.0001
6.68,0
6.68,0.0001
6.69,0
6.69,0.0001
6.7,0
6.7,0.0001
6.71,0
6.71,0.0001
6.72,0
6.72,0.0001
6.73,0
6.73,0.0001
6.74,0
6.74,0.0001
6.75,0
6.75,0.0001
6.76,0
6.76,0.0001
6.77,0
6.77,0.0001
6.78,0
6.78,0.0001
6.79,0
6.79,0.0001
6.8,0
6.8,0.0001
6.81,0
6.81,0.0001
6.82,0
6.82,0.0001
6.83,0
6.83,0.0001
6.84,0
6.84,0.0001
6.85,0
6.85,0.0001
6.86,0
6.86,0.0001
6.87,0
6.87,0.0001
6.88,0
6.88,0.0001
6.89,0
6.89,0.0001
6.9,0
6.9,0.0001
6.91,0
6.91,0.0001
6.92,0
6.92,0.0001
6.93,0
6.93,0.0001
6.94,0
6.94,0.0001
6.95,0
6.95,0.0001
6.96,0
6.96,0.0001
6.97,0
6.97,0.0001
6.98,0
6.98,0.0001
6.99,0
6.99,0.0001
7,0
7,0.0001
7.01,0
7.01,0.0001
7.02,0
7.02,0.0001
7.03,0
7.03,0.0001
7.04,0
7.04,0.0001
7.05,0
7.05,0.0001
7.06,0
7.06,0.0001
7.07,0
7.07,0.0001
7.08,0
7.08,0.0001
7.09,0
7.09,0.0001
7.1,0
7.1,0.0001
7.11,0
7.11,0.0001
7.12,0
7.12,0.0001
7.13,0
7.13,0.0001
7.14,0
7.14,0.0001
7.15,0
7.15,0.0001
7.16,0
7.16,0.0001
7.17,0
7.17,0.0001
7.18,0
7.18,0.0001
7.19,0
7.19,0.0001
7.2,0
7.2,0.0001
7.21,0
7.21,0.0001
7.22,0
7.22,0.0001
7.23,0
7.23,0.0001
7.24,0
7.24,0.0001
7.25,0
7.25,0.0001
7.26,0
7.26,0.0001
7.27,0
7.27,0.0001
7.28,0
7.28,0.0001
7.29,0
7.29,0.0001
7.3,0
7.3,0.0001
7.31,0
7.31,0.0001
7.32,0
7.32,0.0001
7.33,0
7.33,0.0001
7.34,0
7.34,0.0001
7.35,0
7.35,0.0001
7.36,0
7.36,0.0001
7.37,0
7.37,0.0001
7.38,0
7.38,0.0001
7.39,0
7.39,0.0001
7.4,0
7.4,0.0001
7.41,0
7.41,0.0001
7.42,0
7.42,0.0001
7.43,0
7.43,0.0001
7.44,0
7.44,0.0001
7.45,0
7.45,0.0001
7.46,0
7.46,0.0001
7.47,0
7.47,0.0001
7.48,0
7.48,0.0001
7.49,0
7.49,0.0001
7.5,0
7.5,0.0001
7.51,0
7.51,0.0001
7.52,0
7.52,0.0001
7.53,0
7.53,0.0001
7.54,0
7.54,0.0001
7.55,0
7.55,0.0001
7.56,0
7.56,0.0001
7.57,0
7.57,0.0001
7.58,0
7.58,0.0001
7.59,0
7.59,0.0001
7.6,0
7.6,0.0001
7.61,0
7.61,0.0001
7.62,0
7.62,0.0001
7.63,0
7.63,0.0001
7.64,0
7.64,0.0001
7.65,0
7.65,0.0001
7.66,0
7.66,0.0001
7.67,0
7.67,0.0001
7.68,0
7.68,0.0001
7.69,0
7.69,0.0001
7.7,0
7.7,0.0001
7.71,0
7.71,0.0001
7.72,0
7.72,0.0001
7.73,0
7.73,0.0001
7.74,0
7.74,0.0001
7.75,0
7.75,0.0001
7.76,0
7.76,0.0001
7.77,0
7.77,0.0001
7.78,0
7.78,0.0001
7.79,0
7.79,0.0001
7.8,0
7.8,0.0001
7.81,0
7.81,0.0001
7.82,0
7.82,0.0001
7.83,0
7.83,0.0001
7.84,0
7.84,0.0001
7.85,0
7.85,0.0001
7.86,0
7.86,0.0001
7.87,0
7.87,0.0001
7.88,0
7.88,0.0001
7.89,0
7.89,0.0001
7.9,0
7.9,0.0001
7.91,0
7.91,0.0001
7.92,0
7.92,0.0001
7.93,0
7.93,0.0001
7.94,0
7.94,0.0001
7.95,0
7.95,0.0001
7.96,0
7.96,0.0001
7.97,0
7.97,0.0001
7.98,0
7.98,0.0001
7.99,0
7.99,0.0001
8,0
8,0.0001
8.01,0
8.01,0.0001
8.02,0
8.02,0.0001
8.03,0
8.03,0.0001
8.04,0
8.04,0.0001
8.05,0
8.05,0.0001
8.06,0
8.06,0.0001
8.07,0
8.07,0.0001
8.08,0
8.08,0.0001
8.09,0
8.09,0.0001
8.1,0
8.1,0.0001
8.11,0
8.11,0.0001
8.12,0
8.12,0.0001
8.13,0
8.13,0.0001
8.14,0
8.14,0.0001
8.15,0
8.15,0.0001
8.16,0
8.16,0.0001
8.17,0
8.17,0.0001
8.18,0
8.18,0.0001
8.19,0
8.19,0.0001
8.2,0
8.2,0.0001
8.21,0
8.21,0.0001
8.22,0
8.22,0.0001
8.23,0
8.23,0.0001
8.24,0
8.24,0.0001
8.25,0
8.25,0.0001
8.26,0
8.26,0.0001
8.27,0
8.27,0.0001
8.28,0
8.28,0.0001
8.29,0
8.29,0.0001
8.3,0
8.3,0.0001
8.31,0
8.31,0.0001
8.32,0
8.32,0.0001
8.33,0
8.33,0.0001
8.34,0
8.34,0.0001
8.35,0
8.35,0.0001
8.36,0
8.36,0.0001
8.37,0
8.37,0.0001
8.38,0
8.38,0.0001
8.39,0
8.39,0.0001
8.4,0
8.4,0.0001
8.41,0
8.41,0.0001
8.42,0
8.42,0.0001
8.43,0
8.43,0.0001
8.44,0
8.44,0.0001
8.45,0
8.45,0.0001
8.46,0
8.46,0.0001
8.47,0
8.47,0.0001
8.48,0
8.48,0.0001
8.49,0
8.49,0.0001
8.5,0
8.5,0.0001
8.51,0
8.51,0.0001
8.52,0
8.52,0.0001
8.53,0
8.53,0.0001
8.54,0
8.54,0.0001
8.55,0
8.55,0.0001
8.56,0
8.56,0.0001
8.57,0
8.57,0.0001
8.58,0
8.58,0.0001
8.59,0
8.59,0.0001
8.6,0
8.6,0.0001
8.61,0
8.61,0.0001
8.62,0
8.62,0.0001
8.63,0
8.63,0.0001
8.64,0
8.64,0.0001
8.65,0
8.65,0.0001
8.66,0
8.66,0.0001
8.67,0
8.67,0.0001
8.68,0
8.68,0.0001
8.69,0
8.69,0.0001
8.7,0
8.7,0.0001
8.71,0
8.71,0.0001
8.72,0
8.72,0.0001
8.73,0
8.73,0.0001
8.74,0
8.74,0.0001
8.75,0
8.75,0.0001
8.76,0
8.76,0.0001
8.77,0
8.77,0.0001
8.78,0
8.78,0.0001
8.79,0
8.79,0.0001
8.8,0
8.8,0.0001
8.81,0
8.81,0.0001
8.82,0
8.82,0.0001
8.83,0
8.83,0.0001
8.84,0
8.84,0.0001
8.85,0
8.85,0.0001
8.86,0
8.86,0.0001
8.87,0
8.87,0.0001
8.88,0
8.88,0.0001
8.89,0
8.89,0.0001
8.9,0
8.9,0.0001
8.91,0
8.91,0.0001
8.92,0
8.92,0.0001
8.93,0
8.93,0.0001
8.94,0
8.94,0.0001
8.95,0
8.95,0.0001
8.96,0
8.96,0.0001
8.97,0
8.97,0.0001
8.98,0
8.98,0.0001
8.99,0
8.99,0.0001
9,0
9,0.0001
9.01,0
9.01,0.0001
9.02,0
9.02,0.0001
9.03,0
9.03,0.0001
9.04,0
9.04,0.0001
9.05,0
9.05,0.0001
9.06,0
9.06,0.0001
9.07,0
9.07,0.0001
9.08,0
9.08,0.0001
9.09,0
9.09,0.0001
9.1,0
9.1,0.0001
9.11,0
9.11,0.0001
9.12,0
9.12,0.0001
9.13,0
9.13,0.0001
9.14,0
9.14,0.0001
9.15,0
9.15,0.0001
9.16,0
9.16,0.0001
9.17,0
9.17,0.0001
9.18,0
9.18,0.0001
9.19,0
9.19,0.0001
9.2,0
9.2,0.0001
9.21,0
9.21,0.0001
9.22,0
9.22,0.0001
9.23,0
9.23,0.0001
9.24,0
9.24,0.0001
9.25,0
9.25,0.0001
9.26,0
9.26,0.0001
9.27,0
9.27,0.0001
9.28,0
9.28,0.0001
9.29,0
9.29,0.0001
9.3,0
9.3,0.0001
9.31,0
9.31,0.0001
9.32,0
9.32,0.0001
9.33,0
9.33,0.0001
9.34,0
9.34,0.0001
9.35,0
9.35,0.0001
9.36,0
9.36,0.0001
9.37,0
9.37,0.0001
9.38,0
9.38,0.0001
9.39,0
9.39,0.0001
9.4,0
9.4,0.0001
9.41,0
9.41,0.0001
9.42,0
9.42,0.0001
9.43,0
9.43,0.0001
9.44,0
9.44,0.0001
9.45,0
9.45,0.0001
9.46,0
9.46,0.0001
9.47,0
9.47,0.0001
9.48,0
9.48,0.0001
9.49,0
9.49,0.0001
9.5,0
9.5,0.0001
9.51,0
9.51,0.0001
9.52,0
9.52,0.0001
9.53,0
9.53,0.0001
9.54,0
9.54,0.0001
9.55,0
9.55,0.0001
9.56,0
9.56,0.0001
9.57,0
9.57,0.0001
9.58,0
9.58,0.0001
9.59,0
9.59,0.0001
9.6,0
9.6,0.0001
9.61,0
9.61,0.0001
9.62,0
9.62,0.0001
9.63,0
9.63,0.0001
9.64,0
9.64,0.0001
9.65,0
9.65,0.0001
9.66,0
9.66,0.0001
9.67,0
9.67,0.0001
9.68,0
9.68,0.0001
9.69,0
9.69,0.0001
9.7,0
9.7,0.0001
9.71,0
9.71,0.0001
9.72,0
9.72,0.0001
9.73,0
9.73,0.0001
9.74,0
9.74,0.0001
9.75,0
9.75,0.0001
9.76,0
9.76,0.0001
9.77,0
9.77,0.0001
9.78,0
9.78,0.0001
9.79,0
9.79,0.0001
9.8,0
9.8,0.0001
9.81,0
9.81,0.0001
9.82,0
9.82,0.0001
9.83,0
9.83,0.0001
9.84,0
9.84,0.0001
9.85,0
9.85,0.0001
9.86,0
9.86,0.0001
9.87,0
9.87,0.0001
9.88,0
9.88,0.0001
9.89,0
9.89,0.0001
9.9,0
9.9,0.0001
9.91,0
9.91,0.0001
9.92,0
9.92,0.0001
9.93,0
9.93,0.0001
9.94,0
9.94,0.0001
9.95,0
9.95,0.0001
9.96,0
9.96,0.0001
9.97,0
9.97,0.0001
9.98,0
9.98,0.0001
9.99,0
9.99,0.0001
