80
400
400
400
400
400
400
-80
-400
-200
40
-400
-400
-400
400
-400
80
160
400
160
-400
-400
-120
400
40
0
400
400
0
-400
-120
400
-120
40
400
-40
-400
80
400
-400
400
400
400
40
0
80
-400
-400
400
400
-400
400
40
400
-400
40
-400
-40
400
-80
-400
-80
-400
400
400
-120
400
-400
0
400
400
-400
-400
-400
400
400
-400
-400
-400
400
400
-80
-400
-400
400
400
80
400
40
400
-400
400
40
40
40
-200
-400
160
400
-40
-120
400
-40
-120
-400
0
400
400
400
400
-40
40
-160
-400
-400
400
0
-400
40
-400
400
-400
400
-400
-400
0
400
-400
400
400
400
-120
-400
400
-160
400
-80
400
400
400
-400
-80
400
-400
0
-80
-40
-400
-400
400
400
-400
-400
-200
0
400
400
400
-40
400
-400
400
-40
-400
-400
-200
400
400
400
-400
-40
-400
400
-400
-400
400
-400
-400
-400
400
400
-400
400
400
-400
400
0
-160
400
-120
-400
400
0
-400
400
400
0
0
400
0
120
-400
400
400
-400
-400
-80
120
-400
400
-400
400
-400
400
400
400
-400
400
400
-400
400
-400
-400
-400
-400
-400
40
-400
400
-400
400
400
400
-400
-400
400
-400
400
-400
80
400
40
-400
-400
-400
-400
160
-400
-400
400
-400
400
-400
-40
-160
-400
400
400
-80
400
400
200
40
-400
400
-400
400
80
400
80
40
0
40
-80
-400
400
400
-400
-400
-400
400
40
40
-400
40
-400
-400
-400
-40
-400
400
80
-400
-80
-400
0
-40
40
-120
400
-400
80
400
400
0
-80
80
-400
400
-400
80
0
-400
-400
-400
400
-80
400
-400
40
400
-40
400
-400
-400
-400
-400
-400
-400
-40
400
-400
80
-400
400
-400
-400
400
-400
400
-400
-400
0
0
-400
-400
0
-400
-400
-40
-80
-400
400
-160
-200
-400
400
400
400
400
0
40
-400
-400
-400
-400
120
240
400
-40
-80
400
-400
400
40
120
120
400
-120
40
400
400
0
400
400
-160
-400
400
-400
400
-400
-80
0
400
0
400
-400
-160
400
400
-120
-160
400
400
-400
-400
400
400
80
-80
-120
-120
-400
400
400
160
400
400
400
120
200
120
400
40
-400
400
400
-400
-400
-200
-80
400
400
120
160
400
-400
-400
-400
-400
400
-400
400
-400
-120
400
400
-400
400
-400
-400
400
80
-400
-40
0
0
400
-400
400
400
-400
400
-400
400
-160
400
400
-40
-400
400
-400
-80
-400
-400
400
-400
400
-400
0
-400
-80
-400
40
-120
0
-400
400
-400
-400
-400
40
-40
-400
400
-80
0
400
-400
-400
