0,28
1,120
2,336
3,338
4,286
5,60
6,132
7,172
8,186
9,128
10,170
11,254
12,326
13,356
14,446
15,526
16,504
17,502
18,430
19,324
20,376
21,312
22,274
23,372
24,272
25,172
26,128
27,224
28,142
29,180
30,298
31,334
32,298
33,358
34,428
35,452
36,438
37,486
38,494
39,412
40,414
41,488
42,608
43,614
44,604
45,626
46,768
47,802
48,726
49,772
50,740
51,734
52,750
53,792
54,806
55,784
56,790
57,850
58,826
59,748
60,750
61,850
62,902
63,882
64,912
65,1022
66,978
67,1010
68,934
69,948
70,884
71,940
72,1002
73,1006
74,1082
75,1032
76,986
77,1062
78,1036
79,1074
80,1082
81,1172
82,1136
83,1058
84,1152
85,1166
86,1160
87,1194
88,1142
89,1242
90,1234
91,1240
92,1256
93,1334
94,1372
95,1494
96,1496
97,1510
98,1556
99,1548
100,1540
101,1512
102,1560
103,1550
104,1580
105,1610
106,1612
107,1678
108,1596
109,1652
110,1552
111,1518
112,1592
113,1650
114,1708
115,1728
116,1742
117,1724
118,1700
119,1750
120,1720
121,1766
122,1776
123,1768
124,1766
125,1768
126,1786
127,1722
128,1698
129,1712
130,1816
131,1802
132,1860
133,1894
134,2004
135,2054
136,1980
137,1978
138,1978
139,1900
140,1970
141,1912
142,1960
143,1964
144,1994
145,2068
146,1936
147,1940
148,1938
149,2040
150,2054
151,2078
152,2182
153,2176
154,2116
155,2158
156,2202
157,2152
158,2146
159,2100
160,2142
161,2138
162,2140
163,2176
164,2216
165,2254
166,2314
167,2308
168,2340
169,2368
170,2398
171,2440
172,2434
173,2462
174,2450
175,2434
176,2428
177,2480
178,2508
179,2578
180,2600
181,2646
182,2600
183,2656
184,2666
185,2662
186,2588
187,2578
188,2490
189,2444
190,2486
191,2550
192,2494
193,2460
194,2520
195,2588
196,2590
197,2558
198,2494
199,2544
200,2522
201,2554
202,2602
203,2668
204,2632
205,2608
206,2574
207,2646
208,2690
209,2668
210,2714
211,2690
212,2688
213,2682
214,2684
215,2766
216,2876
217,2954
218,2878
219,2902
220,2886
221,2958
222,2988
223,2980
224,3106
225,3140
226,3090
227,3134
228,3188
229,3164
230,3094
231,3094
232,3100
233,3108
234,3098
235,3052
236,3012
237,2976
238,3054
239,2998
240,3018
241,3018
242,2998
243,2958
244,2950
245,2980
246,2912
247,2908
248,2928
249,2864
250,2852
251,2846
252,2856
253,2802
254,2800
255,2866
256,2836
257,2856
258,2900
259,2896
260,2858
261,2858
262,2852
263,2882
264,2928
265,3016
266,3058
267,3090
268,3044
269,3074
270,3014
271,3006
272,3004
273,2918
274,2900
275,2914
276,2918
277,2906
278,2918
279,2926
280,2922
281,2902
282,2970
283,2938
284,2912
285,2818
286,2824
287,2808
288,2778
289,2826
290,2902
291,2934
292,2942
293,2934
294,2910
295,2920
296,2918
297,3000
298,2924
299,2934
300,2952
301,2922
302,2978
303,2986
304,3016
305,3024
306,3046
307,3012
308,2968
309,3022
310,3122
311,3152
312,3174
313,3216
314,3250
315,3254
316,3262
317,3248
318,3302
319,3332
320,3408
321,3362
322,3396
323,3392
324,3434
325,3466
326,3422
327,3420
328,3460
329,3476
330,3450
331,3476
332,3494
333,3512
334,3520
335,3542
336,3588
337,3624
338,3618
339,3666
340,3648
341,3674
342,3684
343,3722
344,3668
345,3636
346,3644
347,3686
348,3690
349,3716
350,3712
351,3700
352,3736
353,3760
354,3814
355,3726
356,3696
357,3622
358,3608
359,3636
360,3668
361,3636
362,3652
363,3630
364,3722
365,3648
366,3640
367,3558
368,3540
369,3534
370,3478
371,3444
372,3482
373,3506
374,3476
375,3408
376,3464
377,3518
378,3524
379,3564
380,3484
381,3486
382,3512
383,3504
384,3550
385,3474
386,3484
387,3438
388,3448
389,3396
390,3412
391,3394
392,3340
393,3284
394,3318
395,3254
396,3258
397,3246
398,3258
399,3286
400,3308
401,3296
402,3270
403,3276
404,3236
405,3240
406,3214
407,3264
408,3232
409,3160
410,3180
411,3170
412,3100
413,3064
414,3066
415,3090
416,3146
417,3120
418,3102
419,3082
420,3058
421,3074
422,3096
423,3078
424,3098
425,3122
426,3144
427,3094
428,3090
429,3116
430,3140
431,3158
432,3150
433,3178
434,3224
435,3188
436,3174
437,3140
438,3220
439,3184
440,3102
441,3174
442,3154
443,3164
444,3172
445,3136
446,3132
447,3076
448,3108
449,3186
450,3142
451,3108
452,3084
453,3080
454,3064
455,3048
456,3010
457,3068
458,3066
459,3052
460,3080
461,3092
462,3114
463,3178
464,3222
465,3230
466,3228
467,3266
468,3184
469,3196
470,3162
471,3108
472,3072
473,3106
474,3100
475,3144
476,3144
477,3208
478,3192
479,3176
480,3124
481,3022
482,3022
483,3020
484,3008
485,3006
486,2990
487,2976
488,2944
489,2914
490,2926
491,2936
492,2988
493,3010
494,2966
495,2924
496,2942
497,2908
498,2930
499,2876
500,2880
501,2888
502,2862
503,2890
504,2836
505,2846
506,2850
507,2850
508,2842
509,2846
510,2860
511,2924
512,2922
513,2878
514,2920
515,2860
516,2848
517,2878
518,2868
519,2884
520,2856
521,2906
522,2968
523,2926
524,2938
525,2982
526,3006
527,2994
528,2974
529,2976
530,2910
531,2892
532,2956
533,3012
534,3014
535,2966
536,2938
537,2958
538,2890
539,2912
540,2916
541,2948
542,2914
543,2940
544,3004
545,2978
546,2934
547,2968
548,3034
549,3008
550,2990
551,2998
552,2966
553,2966
554,2944
555,2922
556,2920
557,2954
558,2930
559,2858
560,2842
561,2766
562,2760
563,2766
564,2682
565,2662
566,2650
567,2602
568,2604
569,2716
570,2712
571,2694
572,2704
573,2712
574,2746
575,2792
576,2806
577,2762
578,2798
579,2766
580,2720
581,2746
582,2712
583,2712
584,2692
585,2704
586,2682
587,2740
588,2726
589,2766
590,2752
591,2706
592,2714
593,2704
594,2696
595,2668
596,2738
597,2782
598,2778
599,2806
600,2836
601,2862
602,2890
603,2882
604,2856
605,2778
606,2860
607,2872
608,2880
609,2864
610,2850
611,2846
612,2864
613,2802
614,2806
615,2844
616,2806
617,2826
618,2834
619,2842
620,2880
621,2964
622,2918
623,2946
624,2982
625,2906
626,2950
627,2944
628,2948
629,2936
630,2972
631,2966
632,2920
633,2882
634,2842
635,2882
636,2948
637,2944
638,2940
639,2910
640,2858
641,2892
642,2858
643,2818
644,2808
645,2820
646,2768
647,2774
648,2786
649,2796
650,2800
651,2792
652,2818
653,2842
654,2854
655,2870
656,2916
657,2972
658,2974
659,3004
660,3036
661,3022
662,3014
663,3026
664,2992
665,2966
666,2964
667,2972
668,3000
669,3002
670,3008
671,3002
672,2956
673,2992
674,2958
675,2956
676,2922
677,2932
678,2942
679,2914
680,2882
681,2984
682,2976
683,2966
684,3024
685,2994
686,2944
687,2924
688,2982
689,2926
690,2948
691,2958
692,2908
693,2950
694,2942
695,2992
696,2942
697,2930
698,2910
699,2898
700,2902
701,2940
702,2946
703,2936
704,3000
705,3008
706,2982
707,2972
708,3000
709,3002
710,2976
711,2970
712,2962
713,2934
714,3028
715,3010
716,3018
717,3002
718,2984
719,2926
720,2960
721,2948
722,2902
723,2908
724,2976
725,2944
726,3006
727,3050
728,3118
729,3122
730,3102
731,3166
732,3124
733,3166
734,3200
735,3214
736,3220
737,3226
738,3186
739,3164
740,3134
741,3146
742,3156
743,3166
744,3170
745,3184
746,3150
747,3112
748,3140
749,3194
750,3180
751,3146
752,3200
753,3162
754,3222
755,3184
756,3200
757,3178
758,3146
759,3104
760,3044
761,3020
762,3006
763,2996
764,2982
765,3008
766,3028
767,3014
768,3062
769,2986
770,3014
771,3028
772,3056
773,3062
774,3036
775,3014
776,3056
777,3052
778,3074
779,3038
780,3026
781,2892
782,2908
783,2922
784,2884
785,2906
786,2972
787,2968
788,2934
789,2964
790,2968
791,2950
792,3006
793,2988
794,2958
795,2876
796,2872
797,2914
798,2860
799,2944
800,2906
801,2910
802,2898
803,2930
804,2868
805,2886
806,2912
807,2966
808,2926
809,2922
810,2924
811,2868
812,2874
813,2786
814,2830
815,2820
816,2864
817,2894
818,2826
819,2858
820,2876
821,2866
822,2932
823,2924
824,2934
825,2916
826,2866
827,2890
828,2922
829,2888
830,2868
831,2876
832,2884
833,2932
834,2968
835,2952
836,2952
837,2932
838,2860
839,2808
840,2800
841,2770
842,2810
843,2868
844,2852
845,2888
846,2846
847,2840
848,2846
849,2832
850,2806
851,2850
852,2876
853,2908
854,2856
855,2886
856,2794
857,2902
858,2872
859,2904
860,2882
861,2860
862,2858
863,2832
864,2820
865,2874
866,2828
867,2824
868,2776
869,2782
870,2742
871,2708
872,2744
873,2706
874,2686
875,2692
876,2732
877,2752
878,2744
879,2742
880,2776
881,2760
882,2800
883,2836
884,2810
885,2718
886,2746
887,2722
888,2710
889,2700
890,2702
891,2636
892,2618
893,2616
894,2604
895,2544
896,2568
897,2586
898,2584
899,2572
900,2532
901,2526
902,2522
903,2540
904,2586
905,2594
906,2574
907,2584
908,2606
909,2662
910,2634
911,2642
912,2688
913,2652
914,2628
915,2618
916,2668
917,2726
918,2804
919,2820
920,2744
921,2698
922,2690
923,2680
924,2702
925,2664
926,2690
927,2678
928,2682
929,2694
930,2676
931,2674
932,2742
933,2740
934,2718
935,2724
936,2652
937,2732
938,2754
939,2792
940,2736
941,2684
942,2684
943,2708
944,2680
945,2656
946,2616
947,2662
948,2624
949,2604
950,2620
951,2610
952,2632
953,2586
954,2602
955,2648
956,2634
957,2674
958,2714
959,2702
960,2732
961,2730
962,2732
963,2724
964,2664
965,2676
966,2632
967,2584
968,2636
969,2652
970,2664
971,2704
972,2740
973,2710
974,2720
975,2718
976,2710
977,2690
978,2694
979,2680
980,2664
981,2658
982,2690
983,2720
984,2772
985,2770
986,2754
987,2726
988,2696
989,2724
990,2670
991,2648
992,2616
993,2626
994,2626
995,2614
996,2634
997,2624
998,2606
999,2592
1000,2584
1001,2602
1002,2630
1003,2628
1004,2632
1005,2638
1006,2702
1007,2682
1008,2712
1009,2678
1010,2716
1011,2712
1012,2662
1013,2640
1014,2616
1015,2668
1016,2626
1017,2644
1018,2660
1019,2644
1020,2644
1021,2696
1022,2688
1023,2726
1024,2736
1025,2774
1026,2732
1027,2762
1028,2740
1029,2746
1030,2776
1031,2718
1032,2654
1033,2680
1034,2660
1035,2580
1036,2644
1037,2662
1038,2622
1039,2584
1040,2656
1041,2604
1042,2600
1043,2590
1044,2574
1045,2654
1046,2690
1047,2652
1048,2622
1049,2610
1050,2600
1051,2610
1052,2640
1053,2636
1054,2616
1055,2614
1056,2656
1057,2718
1058,2672
1059,2624
1060,2680
1061,2720
1062,2762
1063,2774
1064,2770
1065,2718
1066,2742
1067,2766
1068,2774
1069,2760
1070,2754
1071,2780
1072,2790
1073,2750
1074,2756
1075,2784
1076,2716
1077,2748
1078,2740
1079,2762
1080,2746
1081,2738
1082,2724
1083,2756
1084,2804
1085,2738
1086,2766
1087,2766
1088,2770
1089,2768
1090,2730
1091,2718
1092,2772
1093,2738
1094,2702
1095,2750
1096,2738
1097,2750
1098,2772
1099,2776
1100,2744
1101,2676
1102,2662
1103,2638
1104,2636
1105,2678
1106,2682
1107,2646
1108,2646
1109,2636
1110,2628
1111,2632
1112,2658
1113,2672
1114,2710
1115,2708
1116,2704
1117,2698
1118,2672
1119,2692
1120,2664
1121,2706
1122,2730
1123,2704
1124,2702
1125,2694
1126,2726
1127,2692
1128,2672
1129,2706
1130,2730
1131,2738
1132,2806
1133,2798
1134,2786
1135,2786
1136,2806
1137,2792
1138,2742
1139,2752
1140,2794
1141,2770
1142,2714
1143,2734
1144,2736
1145,2722
1146,2692
1147,2684
1148,2668
1149,2668
1150,2720
1151,2716
1152,2774
1153,2746
1154,2742
1155,2722
1156,2688
1157,2686
1158,2686
1159,2720
1160,2700
1161,2686
1162,2742
1163,2734
1164,2702
1165,2640
1166,2634
1167,2676
1168,2650
1169,2650
1170,2628
1171,2634
1172,2682
1173,2660
1174,2654
1175,2664
1176,2710
1177,2710
1178,2704
1179,2700
1180,2738
1181,2762
1182,2708
1183,2794
1184,2788
1185,2742
1186,2742
1187,2780
1188,2788
1189,2804
1190,2852
1191,2886
1192,2842
1193,2796
1194,2750
1195,2774
1196,2740
1197,2748
1198,2806
1199,2874
1200,2868
1201,2854
1202,2780
1203,2746
1204,2752
1205,2764
1206,2752
1207,2732
1208,2706
1209,2754
1210,2766
1211,2754
1212,2804
1213,2802
1214,2778
1215,2704
1216,2698
1217,2744
1218,2702
1219,2678
1220,2688
1221,2710
1222,2712
1223,2666
1224,2716
1225,2706
1226,2694
1227,2706
1228,2700
1229,2706
1230,2704
1231,2710
1232,2708
1233,2648
1234,2728
1235,2696
1236,2756
1237,2756
1238,2792
1239,2800
1240,2820
1241,2762
1242,2774
1243,2746
1244,2710
1245,2680
1246,2696
1247,2700
1248,2676
1249,2684
1250,2748
1251,2774
1252,2772
1253,2776
1254,2748
1255,2672
1256,2686
1257,2652
1258,2612
1259,2604
1260,2576
1261,2590
1262,2582
1263,2578
1264,2612
1265,2608
1266,2624
1267,2606
1268,2608
1269,2600
1270,2642
1271,2620
1272,2598
1273,2598
1274,2632
1275,2608
1276,2552
1277,2510
1278,2526
1279,2530
1280,2526
1281,2566
1282,2616
1283,2612
1284,2576
1285,2570
1286,2554
1287,2556
1288,2548
1289,2548
1290,2502
1291,2484
1292,2480
1293,2506
1294,2510
1295,2464
1296,2454
1297,2480
1298,2426
1299,2474
1300,2396
1301,2478
1302,2516
1303,2516
1304,2532
1305,2550
1306,2528
1307,2528
1308,2536
1309,2534
1310,2496
1311,2532
1312,2550
1313,2538
1314,2540
1315,2580
1316,2580
1317,2598
1318,2574
1319,2526
1320,2526
1321,2490
1322,2428
1323,2472
1324,2506
1325,2546
1326,2564
1327,2562
1328,2552
1329,2546
1330,2570
1331,2554
1332,2580
1333,2560
1334,2550
1335,2554
1336,2520
1337,2490
1338,2522
1339,2464
1340,2442
1341,2400
1342,2438
1343,2470
1344,2494
1345,2464
1346,2448
1347,2468
1348,2408
1349,2420
1350,2448
1351,2500
1352,2524
1353,2526
1354,2534
1355,2522
1356,2558
1357,2496
1358,2546
1359,2542
1360,2516
1361,2508
1362,2520
1363,2540
1364,2536
1365,2520
1366,2538
1367,2582
1368,2578
1369,2506
1370,2532
1371,2536
1372,2560
1373,2582
1374,2544
1375,2572
1376,2548
1377,2546
1378,2518
1379,2536
1380,2544
1381,2544
1382,2548
1383,2530
1384,2546
1385,2488
1386,2458
1387,2406
1388,2364
1389,2416
1390,2428
1391,2396
1392,2426
1393,2474
1394,2470
1395,2458
1396,2454
1397,2420
1398,2418
1399,2394
1400,2362
1401,2366
1402,2390
1403,2338
1404,2392
1405,2394
1406,2382
1407,2388
1408,2428
1409,2388
1410,2412
1411,2426
1412,2470
1413,2476
1414,2462
1415,2468
1416,2426
1417,2442
1418,2498
1419,2476
1420,2460
1421,2448
1422,2496
1423,2416
1424,2466
1425,2466
1426,2470
1427,2438
1428,2472
1429,2476
1430,2472
1431,2478
1432,2482
1433,2476
1434,2486
1435,2482
1436,2484
1437,2466
1438,2450
1439,2434
1440,2492
1441,2472
1442,2478
1443,2514
1444,2494
1445,2536
1446,2482
1447,2518
1448,2550
1449,2532
1450,2456
1451,2498
1452,2474
1453,2408
1454,2418
1455,2494
1456,2430
1457,2424
1458,2486
1459,2534
1460,2480
1461,2450
1462,2444
1463,2448
1464,2484
1465,2446
1466,2470
1467,2456
1468,2464
1469,2502
1470,2500
1471,2566
1472,2544
1473,2510
1474,2584
1475,2568
1476,2568
1477,2584
1478,2528
1479,2528
1480,2520
1481,2508
1482,2524
1483,2516
1484,2478
1485,2470
1486,2462
1487,2474
1488,2536
1489,2496
1490,2496
1491,2488
1492,2542
1493,2556
1494,2526
1495,2488
1496,2522
1497,2492
1498,2446
1499,2478
1500,2482
1501,2522
1502,2548
1503,2588
1504,2536
1505,2560
1506,2592
1507,2606
1508,2548
1509,2602
1510,2674
1511,2696
1512,2738
1513,2714
1514,2692
1515,2684
1516,2720
1517,2740
1518,2662
1519,2636
1520,2618
1521,2650
1522,2654
1523,2694
1524,2750
1525,2702
1526,2670
1527,2660
1528,2654
1529,2692
1530,2630
1531,2720
1532,2756
1533,2750
1534,2834
1535,2812
1536,2820
1537,2828
1538,2810
1539,2870
1540,2928
1541,2890
1542,2858
1543,2846
1544,2786
1545,2814
1546,2792
1547,2818
1548,2826
1549,2826
1550,2858
1551,2852
1552,2840
1553,2766
1554,2752
1555,2738
1556,2726
1557,2674
1558,2644
1559,2662
1560,2688
1561,2672
1562,2652
1563,2650
1564,2636
1565,2590
1566,2568
1567,2574
1568,2536
1569,2572
1570,2520
1571,2498
1572,2456
1573,2422
1574,2424
1575,2458
1576,2432
1577,2430
1578,2406
1579,2400
1580,2410
1581,2382
1582,2386
1583,2398
1584,2374
1585,2342
1586,2336
1587,2316
1588,2264
1589,2350
1590,2314
1591,2330
1592,2310
1593,2308
1594,2292
1595,2246
1596,2188
1597,2120
1598,2146
1599,2180
1600,2178
1601,2146
1602,2194
1603,2214
1604,2284
1605,2284
1606,2232
1607,2214
1608,2204
1609,2188
1610,2202
1611,2158
1612,2126
1613,2174
1614,2170
1615,2148
1616,2214
1617,2188
1618,2238
1619,2234
1620,2192
1621,2192
1622,2192
1623,2190
1624,2154
1625,2204
1626,2246
1627,2244
1628,2228
1629,2232
1630,2200
1631,2230
1632,2244
1633,2230
1634,2230
1635,2262
1636,2206
1637,2210
1638,2186
1639,2158
1640,2204
1641,2200
1642,2214
1643,2192
1644,2176
1645,2192
1646,2194
1647,2178
1648,2114
1649,2016
1650,2050
1651,2060
1652,2090
1653,2100
1654,2104
1655,2100
1656,2118
1657,2146
1658,2068
1659,2068
1660,2034
1661,1974
1662,2002
1663,1986
1664,2056
1665,2048
1666,2078
1667,2088
1668,2102
1669,2060
1670,2090
1671,2028
1672,1982
1673,1992
1674,1986
1675,1958
1676,2022
1677,2046
1678,2068
1679,2088
1680,2082
1681,2086
1682,2110
1683,2134
1684,2176
1685,2198
1686,2220
1687,2216
1688,2182
1689,2218
1690,2246
1691,2292
1692,2280
1693,2262
1694,2250
1695,2254
1696,2230
1697,2250
1698,2252
1699,2310
1700,2272
1701,2266
1702,2268
1703,2228
1704,2188
1705,2190
1706,2140
1707,2152
1708,2126
1709,2136
1710,2052
1711,2056
1712,2106
1713,2120
1714,2086
1715,2064
1716,2054
1717,2076
1718,2094
1719,2110
1720,2112
1721,2084
1722,2088
1723,2110
1724,2114
1725,2124
1726,2136
1727,2128
1728,2164
1729,2196
1730,2204
1731,2186
1732,2130
1733,2062
1734,2094
1735,2080
1736,2120
1737,2212
1738,2180
1739,2152
1740,2138
1741,2094
1742,2110
1743,2080
1744,2056
1745,2088
1746,2032
1747,2018
1748,1996
1749,1986
1750,1990
1751,1986
1752,1966
1753,1934
1754,1960
1755,1930
1756,1954
1757,1954
1758,1970
1759,2020
1760,2008
1761,2014
1762,1992
1763,1968
1764,2016
1765,2060
1766,2104
1767,2116
1768,2078
1769,2128
1770,2132
1771,2034
1772,2018
1773,2062
1774,2082
1775,2012
1776,2036
1777,2018
1778,2052
1779,2058
1780,2122
1781,2140
1782,2134
1783,2122
1784,2152
1785,2180
1786,2178
1787,2220
1788,2252
1789,2238
1790,2242
1791,2280
1792,2260
1793,2214
1794,2160
1795,2112
1796,2090
1797,2070
1798,2144
1799,2212
1800,2218
1801,2202
1802,2170
1803,2118
1804,2148
1805,2206
1806,2220
1807,2186
1808,2134
1809,2058
1810,2110
1811,2090
1812,2052
1813,2098
1814,2100
1815,2068
1816,1964
1817,2008
1818,2014
1819,2106
1820,2100
1821,2066
1822,2074
1823,2044
1824,2040
1825,1998
1826,2026
1827,2030
1828,2056
1829,2036
1830,2036
1831,2044
1832,2010
1833,2100
1834,2058
1835,2054
1836,2046
1837,1996
1838,2014
1839,2062
1840,2084
1841,2120
1842,2066
1843,2138
1844,2148
1845,2144
1846,2194
1847,2180
1848,2110
1849,2138
1850,2158
1851,2190
1852,2130
1853,2132
1854,2176
1855,2162
1856,2166
1857,2146
1858,2138
1859,2118
1860,2140
1861,2046
1862,2034
1863,2012
1864,1972
1865,1938
1866,1942
1867,1908
1868,1878
1869,1844
1870,1858
1871,1880
1872,1852
1873,1850
1874,1926
1875,1920
1876,1920
1877,1940
1878,1952
1879,1922
1880,1912
1881,1850
1882,1880
1883,1874
1884,1908
1885,1920
1886,1894
1887,1890
1888,1886
1889,1890
1890,1862
1891,1874
1892,1924
1893,1914
1894,1936
1895,1916
1896,1976
1897,1970
1898,1998
1899,1994
1900,1984
1901,1948
1902,1982
1903,2024
1904,2100
1905,2050
1906,2094
1907,2180
1908,2246
1909,2234
1910,2252
1911,2312
1912,2286
1913,2236
1914,2244
1915,2234
1916,2228
1917,2276
1918,2252
1919,2246
1920,2238
1921,2244
1922,2282
1923,2298
1924,2282
1925,2336
1926,2346
1927,2280
1928,2274
1929,2350
1930,2328
1931,2314
1932,2360
1933,2356
1934,2366
1935,2386
1936,2430
1937,2386
1938,2336
1939,2290
1940,2282
1941,2288
1942,2302
1943,2256
1944,2242
1945,2244
1946,2312
1947,2290
1948,2312
1949,2302
1950,2284
1951,2282
1952,2356
1953,2396
1954,2424
1955,2414
1956,2402
1957,2388
1958,2410
1959,2406
1960,2426
1961,2430
1962,2468
1963,2452
1964,2428
1965,2472
1966,2546
1967,2492
1968,2404
1969,2442
1970,2446
1971,2486
1972,2552
1973,2524
1974,2542
1975,2586
1976,2564
1977,2560
1978,2526
1979,2534
1980,2530
1981,2608
1982,2586
1983,2578
1984,2538
1985,2534
1986,2500
1987,2486
1988,2486
1989,2512
1990,2490
1991,2538
1992,2552
1993,2548
1994,2606
1995,2608
1996,2600
1997,2594
1998,2592
1999,2530
2000,2546
2001,2560
2002,2562
2003,2598
2004,2602
2005,2580
2006,2600
2007,2602
2008,2598
2009,2614
2010,2602
2011,2600
2012,2582
2013,2532
2014,2590
2015,2622
2016,2598
2017,2630
2018,2558
2019,2534
2020,2488
2021,2520
2022,2510
2023,2476
2024,2452
2025,2448
2026,2446
2027,2468
2028,2538
2029,2492
2030,2482
2031,2506
2032,2472
2033,2538
2034,2486
2035,2506
2036,2524
2037,2524
2038,2556
2039,2552
2040,2558
2041,2532
2042,2546
2043,2512
2044,2502
2045,2536
2046,2538
2047,2512
2048,2522
2049,2600
2050,2646
2051,2634
2052,2652
2053,2654
2054,2670
2055,2690
2056,2714
2057,2752
2058,2734
2059,2756
2060,2730
2061,2740
2062,2668
2063,2658
2064,2686
2065,2654
2066,2648
2067,2630
2068,2624
2069,2674
2070,2688
2071,2696
2072,2694
2073,2696
2074,2712
2075,2702
2076,2710
2077,2762
2078,2818
2079,2780
2080,2820
2081,2824
2082,2796
2083,2778
2084,2786
2085,2794
2086,2826
2087,2816
2088,2804
2089,2786
2090,2742
2091,2708
2092,2770
2093,2802
2094,2782
2095,2744
2096,2762
2097,2794
2098,2742
2099,2736
2100,2684
2101,2680
2102,2664
2103,2650
2104,2664
2105,2640
2106,2630
2107,2640
2108,2698
2109,2686
2110,2666
2111,2708
2112,2718
2113,2714
2114,2682
2115,2694
2116,2758
2117,2768
2118,2856
2119,2836
2120,2812
2121,2818
2122,2800
2123,2730
2124,2752
2125,2784
2126,2742
2127,2766
2128,2762
2129,2736
2130,2760
2131,2708
2132,2792
2133,2808
2134,2758
2135,2758
2136,2746
2137,2754
2138,2770
2139,2762
2140,2730
2141,2750
2142,2770
2143,2810
2144,2866
2145,2834
2146,2872
2147,2864
2148,2884
2149,2866
2150,2896
2151,2964
2152,2898
2153,2924
2154,2910
2155,2974
2156,3012
2157,3024
2158,3042
2159,3050
2160,3040
2161,3080
2162,3020
2163,3034
2164,3020
2165,3024
2166,3028
2167,3038
2168,3046
2169,3024
2170,2988
2171,3060
2172,3072
2173,3046
2174,3040
2175,3074
2176,3104
2177,3132
2178,3144
2179,3146
2180,3114
2181,3128
2182,3098
2183,3092
2184,3086
2185,3124
2186,3130
2187,3102
2188,3074
2189,3128
2190,3108
2191,3124
2192,3088
2193,3136
2194,3114
2195,3090
2196,3090
2197,3156
2198,3106
2199,3180
2200,3170
2201,3182
2202,3202
2203,3138
2204,3068
2205,3036
2206,3076
2207,3090
2208,3158
2209,3072
2210,3100
2211,3100
2212,3132
2213,3174
2214,3160
2215,3142
2216,3098
2217,3124
2218,3108
2219,3124
2220,3180
2221,3210
2222,3236
2223,3196
2224,3194
2225,3196
2226,3106
2227,3078
2228,3138
2229,3164
2230,3144
2231,3156
2232,3142
2233,3118
2234,3172
2235,3152
2236,3144
2237,3174
2238,3188
2239,3248
2240,3174
2241,3128
2242,3222
2243,3234
2244,3256
2245,3286
2246,3214
2247,3228
2248,3182
2249,3212
2250,3218
2251,3152
2252,3162
2253,3174
2254,3184
2255,3190
2256,3182
2257,3194
2258,3214
2259,3208
2260,3262
2261,3302
2262,3342
2263,3356
2264,3320
2265,3340
2266,3374
2267,3334
2268,3360
2269,3366
2270,3354
2271,3372
2272,3408
2273,3398
2274,3394
2275,3388
2276,3394
2277,3386
2278,3408
2279,3390
2280,3372
2281,3356
2282,3404
2283,3412
2284,3398
2285,3424
2286,3374
2287,3374
2288,3324
2289,3342
2290,3360
2291,3324
2292,3334
2293,3278
2294,3340
2295,3284
2296,3296
2297,3312
2298,3300
2299,3296
2300,3282
2301,3294
2302,3268
2303,3228
2304,3280
2305,3242
2306,3292
2307,3292
2308,3344
2309,3290
2310,3260
2311,3236
2312,3202
2313,3158
2314,3144
2315,3160
2316,3156
2317,3176
2318,3172
2319,3198
2320,3236
2321,3228
2322,3234
2323,3192
2324,3232
2325,3220
2326,3242
2327,3260
2328,3202
2329,3226
2330,3160
2331,3192
2332,3112
2333,3186
2334,3200
2335,3206
2336,3162
2337,3194
2338,3200
2339,3220
2340,3212
2341,3204
2342,3202
2343,3188
2344,3190
2345,3226
2346,3166
2347,3180
2348,3210
2349,3210
2350,3188
2351,3230
2352,3262
2353,3210
2354,3214
2355,3184
2356,3166
2357,3208
2358,3214
2359,3198
2360,3154
2361,3222
2362,3220
2363,3214
2364,3290
2365,3228
2366,3232
2367,3204
2368,3214
2369,3234
2370,3262
2371,3182
2372,3218
2373,3160
2374,3160
2375,3128
2376,3128
2377,3180
2378,3166
2379,3188
2380,3140
2381,3128
2382,3150
2383,3186
2384,3222
2385,3234
2386,3238
2387,3236
2388,3242
2389,3220
2390,3190
2391,3202
2392,3164
2393,3162
2394,3172
2395,3184
2396,3212
2397,3196
2398,3176
2399,3168
2400,3182
2401,3152
2402,3122
2403,3142
2404,3054
2405,3046
2406,3038
2407,3062
2408,3060
2409,3042
2410,3034
2411,3062
2412,3060
2413,3082
2414,3094
2415,3058
2416,3068
2417,3092
2418,3100
2419,3098
2420,3074
2421,3096
2422,3112
2423,3130
2424,3146
2425,3148
2426,3140
2427,3194
2428,3200
2429,3222
2430,3218
2431,3222
2432,3218
2433,3236
2434,3182
2435,3172
2436,3078
2437,3092
2438,3132
2439,3104
2440,3118
2441,3098
2442,3080
2443,3048
2444,3072
2445,3074
2446,3058
2447,3022
2448,3096
2449,3068
2450,3132
2451,3102
2452,3090
2453,3064
2454,3130
2455,3086
2456,3066
2457,3044
2458,3030
2459,3042
2460,3078
2461,3054
2462,3078
2463,3064
2464,3064
2465,3064
2466,3108
2467,3136
2468,3190
2469,3190
2470,3142
2471,3182
2472,3182
2473,3218
2474,3152
2475,3180
2476,3186
2477,3192
2478,3160
2479,3186
2480,3204
2481,3174
2482,3162
2483,3234
2484,3206
2485,3194
2486,3248
2487,3210
2488,3140
2489,3176
2490,3172
2491,3190
2492,3132
2493,3172
2494,3154
2495,3148
2496,3128
2497,3146
2498,3142
2499,3100
2500,3080
2501,3072
2502,3104
2503,3120
2504,3128
2505,3140
2506,3144
2507,3140
2508,3106
2509,3112
2510,3164
2511,3158
2512,3112
2513,3102
2514,3096
2515,3124
2516,3100
2517,3134
2518,3136
2519,3128
2520,3148
2521,3154
2522,3116
2523,3116
2524,3104
2525,3090
2526,3076
2527,3062
2528,3074
2529,3104
2530,3100
2531,3124
2532,3084
2533,3096
2534,3100
2535,3090
2536,3084
2537,3126
2538,3138
2539,3122
2540,3182
2541,3164
2542,3182
2543,3210
2544,3170
2545,3184
2546,3088
2547,3154
2548,3208
2549,3212
2550,3234
2551,3276
2552,3260
2553,3240
2554,3232
2555,3226
2556,3222
2557,3190
2558,3222
2559,3224
2560,3218
2561,3186
2562,3208
2563,3194
2564,3194
2565,3128
2566,3158
2567,3190
2568,3186
2569,3254
2570,3246
2571,3152
2572,3178
2573,3140
2574,3132
2575,3206
2576,3210
2577,3182
2578,3174
2579,3186
2580,3178
2581,3138
2582,3148
2583,3138
2584,3148
2585,3154
2586,3168
2587,3184
2588,3156
2589,3146
2590,3178
2591,3142
2592,3134
2593,3204
2594,3206
2595,3176
2596,3152
2597,3178
2598,3222
2599,3238
2600,3258
2601,3254
2602,3238
2603,3290
2604,3278
2605,3324
2606,3236
2607,3142
2608,3162
2609,3170
2610,3168
2611,3186
2612,3190
2613,3210
2614,3298
2615,3246
2616,3232
2617,3264
2618,3244
2619,3244
2620,3256
2621,3278
2622,3280
2623,3196
2624,3176
2625,3194
2626,3150
2627,3182
2628,3180
2629,3178
2630,3124
2631,3094
2632,3072
2633,3072
2634,3048
2635,3060
2636,3086
2637,3078
2638,3070
2639,3084
2640,3042
2641,3018
2642,3028
2643,2954
2644,3032
2645,3000
2646,3024
2647,3004
2648,2982
2649,2982
2650,2956
2651,2978
2652,3014
2653,3046
2654,3092
2655,3082
2656,3100
2657,3094
2658,3084
2659,3052
2660,3026
2661,3064
2662,3094
2663,3100
2664,3030
2665,3064
2666,3052
2667,3042
2668,3072
2669,3052
2670,3006
2671,3000
2672,3034
2673,2988
2674,2984
2675,2982
2676,3016
2677,3102
2678,3158
2679,3158
2680,3106
2681,3074
2682,3046
2683,3082
2684,3094
2685,3048
2686,3174
2687,3164
2688,3130
2689,3172
2690,3196
2691,3238
2692,3268
2693,3260
2694,3236
2695,3238
2696,3306
2697,3304
2698,3298
2699,3308
2700,3302
2701,3256
2702,3280
2703,3260
2704,3288
2705,3310
2706,3332
2707,3276
2708,3280
2709,3248
2710,3182
2711,3216
2712,3244
2713,3298
2714,3324
2715,3276
2716,3264
2717,3284
2718,3286
2719,3272
2720,3244
2721,3252
2722,3336
2723,3364
2724,3384
2725,3410
2726,3390
2727,3414
2728,3362
2729,3362
2730,3360
2731,3358
2732,3344
2733,3328
2734,3374
2735,3370
2736,3372
2737,3350
2738,3328
2739,3340
2740,3334
2741,3384
2742,3396
2743,3420
2744,3376
2745,3350
2746,3394
2747,3376
2748,3350
2749,3360
2750,3314
2751,3266
2752,3230
2753,3218
2754,3202
2755,3208
2756,3180
2757,3254
2758,3250
2759,3266
2760,3234
2761,3220
2762,3230
2763,3220
2764,3260
2765,3232
2766,3270
2767,3256
2768,3216
2769,3200
2770,3090
2771,3084
2772,3094
2773,3088
2774,3058
2775,3038
2776,3052
2777,3044
2778,3038
2779,3070
2780,3066
2781,3064
2782,3052
2783,3026
2784,2978
2785,2990
2786,3016
2787,3054
2788,3054
2789,2994
2790,3036
2791,3034
2792,3058
2793,3054
2794,3020
2795,2978
2796,3000
2797,2994
2798,2974
2799,2982
2800,2938
2801,2924
2802,2908
2803,2926
2804,2904
2805,2900
2806,2870
2807,2832
2808,2798
2809,2780
2810,2828
2811,2860
2812,2844
2813,2788
2814,2868
2815,2836
2816,2808
2817,2806
2818,2856
2819,2892
2820,2842
2821,2842
2822,2884
2823,2846
2824,2866
2825,2852
2826,2826
2827,2876
2828,2826
2829,2838
2830,2846
2831,2824
2832,2878
2833,2898
2834,2880
2835,2854
2836,2808
2837,2834
2838,2804
2839,2790
2840,2672
2841,2736
2842,2728
2843,2760
2844,2746
2845,2770
2846,2774
2847,2716
2848,2774
2849,2764
2850,2782
2851,2748
2852,2774
2853,2816
2854,2814
2855,2790
2856,2754
2857,2786
2858,2790
2859,2790
2860,2832
2861,2792
2862,2798
2863,2818
2864,2782
2865,2812
2866,2880
2867,2840
2868,2850
2869,2834
2870,2806
2871,2810
2872,2830
2873,2798
2874,2750
2875,2792
2876,2824
2877,2826
2878,2806
2879,2764
2880,2800
2881,2790
2882,2800
2883,2758
2884,2720
2885,2710
2886,2690
2887,2670
2888,2682
2889,2644
2890,2648
2891,2672
2892,2688
2893,2716
2894,2724
2895,2718
2896,2758
2897,2720
2898,2734
2899,2758
2900,2766
2901,2784
2902,2784
2903,2774
2904,2808
2905,2750
2906,2710
2907,2786
2908,2846
2909,2820
2910,2822
2911,2832
2912,2804
2913,2790
2914,2816
2915,2814
2916,2842
2917,2846
2918,2864
2919,2882
2920,2896
2921,2878
2922,2834
2923,2742
2924,2704
2925,2714
2926,2724
2927,2740
2928,2728
2929,2704
2930,2696
2931,2688
2932,2696
2933,2700
2934,2704
2935,2736
2936,2730
2937,2692
2938,2706
2939,2720
2940,2742
2941,2758
2942,2690
2943,2794
2944,2770
2945,2752
2946,2762
2947,2790
2948,2772
2949,2794
2950,2750
2951,2780
2952,2798
2953,2820
2954,2768
2955,2748
2956,2766
2957,2790
2958,2768
2959,2734
2960,2722
2961,2678
2962,2668
2963,2688
2964,2696
2965,2702
2966,2656
2967,2656
2968,2712
2969,2700
2970,2700
2971,2690
2972,2698
2973,2758
2974,2714
2975,2708
2976,2738
2977,2720
2978,2736
2979,2714
2980,2728
2981,2744
2982,2758
2983,2766
2984,2728
2985,2672
2986,2646
2987,2646
2988,2604
2989,2556
2990,2566
2991,2546
2992,2552
2993,2558
2994,2556
2995,2526
2996,2480
2997,2534
2998,2612
2999,2644
3000,2706
3001,2680
3002,2698
3003,2648
3004,2630
3005,2654
3006,2696
3007,2696
3008,2732
3009,2730
3010,2718
3011,2674
3012,2656
3013,2652
3014,2658
3015,2668
3016,2632
3017,2628
3018,2632
3019,2614
3020,2584
3021,2570
3022,2558
3023,2568
3024,2504
3025,2562
3026,2538
3027,2548
3028,2610
3029,2588
3030,2562
3031,2578
3032,2560
3033,2556
3034,2536
3035,2596
3036,2556
3037,2538
3038,2604
3039,2568
3040,2562
3041,2486
3042,2524
3043,2528
3044,2480
3045,2512
3046,2460
3047,2448
3048,2448
3049,2434
3050,2404
3051,2374
3052,2410
3053,2460
3054,2426
3055,2414
3056,2404
3057,2422
3058,2422
3059,2416
3060,2454
3061,2464
3062,2508
3063,2514
3064,2542
3065,2498
3066,2476
3067,2482
3068,2494
3069,2456
3070,2450
3071,2460
3072,2500
3073,2508
3074,2498
3075,2476
3076,2484
3077,2472
3078,2428
3079,2456
3080,2454
3081,2438
3082,2340
3083,2340
3084,2302
3085,2290
3086,2256
3087,2266
3088,2260
3089,2258
3090,2234
3091,2228
3092,2188
3093,2178
3094,2202
3095,2216
3096,2208
3097,2198
3098,2230
3099,2204
3100,2216
3101,2190
3102,2230
3103,2178
3104,2154
3105,2172
3106,2198
3107,2184
3108,2210
3109,2194
3110,2244
3111,2194
3112,2180
3113,2208
3114,2234
3115,2256
3116,2222
3117,2176
3118,2188
3119,2168
3120,2260
3121,2218
3122,2190
3123,2140
3124,2178
3125,2124
3126,2116
3127,2120
3128,2106
3129,2100
3130,2158
3131,2150
3132,2194
3133,2152
3134,2192
3135,2168
3136,2146
3137,2160
3138,2166
3139,2144
3140,2160
3141,2138
3142,2140
3143,2122
3144,2124
3145,2134
3146,2092
3147,2074
3148,2096
3149,2096
3150,2076
3151,2044
3152,2070
3153,2086
3154,2114
3155,2166
3156,2184
3157,2146
3158,2184
3159,2178
3160,2178
3161,2178
3162,2232
3163,2236
3164,2232
3165,2164
3166,2164
3167,2190
3168,2150
3169,2228
3170,2170
3171,2160
3172,2182
3173,2126
3174,2150
3175,2190
3176,2172
3177,2164
3178,2164
3179,2150
3180,2120
3181,2154
3182,2186
3183,2174
3184,2204
3185,2176
3186,2126
3187,2148
3188,2186
3189,2164
3190,2166
3191,2152
3192,2140
3193,2130
3194,2074
3195,2092
3196,2100
3197,2088
3198,2066
3199,2076
3200,2068
3201,2032
3202,2020
3203,2028
3204,2028
3205,2016
3206,2018
3207,2012
3208,2044
3209,1996
3210,1984
3211,2036
3212,1974
3213,1996
3214,1972
3215,1994
3216,1966
3217,1894
3218,1924
3219,1936
3220,1996
3221,2006
3222,1984
3223,2044
3224,2052
3225,2116
3226,2136
3227,2066
3228,2028
3229,2060
3230,2066
3231,2072
3232,2122
3233,2090
3234,2118
3235,2128
3236,2102
3237,2084
3238,2128
3239,2152
3240,2180
3241,2132
3242,2158
3243,2186
3244,2208
3245,2216
3246,2218
3247,2218
3248,2262
3249,2210
3250,2182
3251,2170
3252,2154
3253,2184
3254,2162
3255,2164
3256,2136
3257,2154
3258,2078
3259,2038
3260,2072
3261,2032
3262,2010
3263,2032
3264,2092
3265,2084
3266,2054
3267,2070
3268,2084
3269,2066
3270,2034
3271,2066
3272,2156
3273,2096
3274,2100
3275,2100
3276,2076
3277,2064
3278,2032
3279,1980
3280,1988
3281,1990
3282,2008
3283,2050
3284,2046
3285,2036
3286,2046
3287,2074
3288,2030
3289,1974
3290,1950
3291,1954
3292,1978
3293,1990
3294,1924
3295,1906
3296,1914
3297,1884
3298,1848
3299,1878
3300,1898
3301,1896
3302,1930
3303,1952
3304,1996
3305,1972
3306,1942
3307,1966
3308,1974
3309,1926
3310,1958
3311,1934
3312,1932
3313,1952
3314,1960
3315,1968
3316,1958
3317,1908
3318,1900
3319,1914
3320,1924
3321,1954
3322,1908
3323,1910
3324,1878
3325,1890
3326,1890
3327,1876
3328,1830
3329,1858
3330,1840
3331,1868
3332,1900
3333,1870
3334,1874
3335,1890
3336,1902
3337,1884
3338,1886
3339,1872
3340,1888
3341,1848
3342,1882
3343,1892
3344,1888
3345,1884
3346,1890
3347,1926
3348,1978
3349,1982
3350,1980
3351,1980
3352,1968
3353,1970
3354,2000
3355,1968
3356,1942
3357,1916
3358,1956
3359,1946
3360,1986
3361,2046
3362,2008
3363,1976
3364,1946
3365,1972
3366,2048
3367,2068
3368,2042
3369,2056
3370,2044
3371,2036
3372,1948
3373,1984
3374,2012
3375,2010
3376,1966
3377,1996
3378,1962
3379,1986
3380,2078
3381,2044
3382,2064
3383,2042
3384,2024
3385,2036
3386,2024
3387,2072
3388,2060
3389,2032
3390,1974
3391,1954
3392,1924
3393,1978
3394,1976
3395,1950
3396,1966
3397,1958
3398,1936
3399,1900
3400,1934
3401,1868
3402,1886
3403,1902
3404,1884
3405,1856
3406,1838
3407,1794
3408,1820
3409,1818
3410,1782
3411,1814
3412,1782
3413,1814
3414,1776
3415,1774
3416,1786
3417,1800
3418,1852
3419,1844
3420,1782
3421,1798
3422,1754
3423,1772
3424,1758
3425,1760
3426,1748
3427,1702
3428,1656
3429,1668
3430,1666
3431,1648
3432,1672
3433,1642
3434,1570
3435,1578
3436,1626
3437,1584
3438,1600
3439,1598
3440,1634
3441,1658
3442,1648
3443,1644
3444,1622
3445,1594
3446,1562
3447,1594
3448,1498
3449,1522
3450,1520
3451,1518
3452,1558
3453,1576
3454,1566
3455,1578
3456,1630
3457,1612
3458,1572
3459,1602
3460,1648
3461,1722
3462,1714
3463,1692
3464,1778
3465,1790
3466,1828
3467,1828
3468,1856
3469,1824
3470,1890
3471,1874
3472,1856
3473,1852
3474,1862
3475,1872
3476,1886
3477,1928
3478,1938
3479,1958
3480,2018
3481,1992
3482,2012
3483,2064
3484,2046
3485,2060
3486,2084
3487,2128
3488,2120
3489,2092
3490,2060
3491,2108
3492,2136
3493,2152
3494,2188
3495,2194
3496,2206
3497,2184
3498,2182
3499,2192
3500,2212
3501,2192
3502,2218
3503,2294
3504,2332
3505,2354
3506,2380
3507,2408
3508,2426
3509,2382
3510,2386
3511,2338
3512,2362
3513,2422
3514,2434
3515,2414
3516,2420
3517,2436
3518,2408
3519,2406
3520,2452
3521,2460
3522,2462
3523,2454
3524,2392
3525,2420
3526,2400
3527,2414
3528,2380
3529,2436
3530,2436
3531,2384
3532,2392
3533,2396
3534,2378
3535,2380
3536,2366
3537,2390
3538,2424
3539,2466
3540,2498
3541,2466
3542,2440
3543,2468
3544,2434
3545,2486
3546,2514
3547,2588
3548,2578
3549,2544
3550,2580
3551,2588
3552,2574
3553,2570
3554,2578
3555,2548
3556,2582
3557,2598
3558,2586
3559,2656
3560,2694
3561,2614
3562,2602
3563,2684
3564,2672
3565,2666
3566,2674
3567,2630
3568,2598
3569,2596
3570,2636
3571,2676
3572,2692
3573,2630
3574,2632
3575,2628
3576,2620
3577,2598
3578,2620
3579,2622
3580,2648
3581,2592
3582,2646
3583,2658
3584,2646
3585,2674
3586,2708
3587,2708
3588,2708
3589,2686
3590,2636
3591,2612
3592,2618
3593,2650
3594,2658
3595,2656
3596,2634
3597,2628
3598,2586
3599,2552
3600,2558
3601,2544
3602,2528
3603,2526
3604,2526
3605,2526
3606,2496
3607,2532
3608,2534
3609,2548
3610,2518
3611,2550
3612,2518
3613,2464
3614,2492
3615,2472
3616,2486
3617,2514
3618,2534
3619,2488
3620,2528
3621,2524
3622,2508
3623,2458
3624,2444
3625,2440
3626,2494
3627,2488
3628,2462
3629,2518
3630,2556
3631,2558
3632,2574
3633,2552
3634,2562
3635,2530
3636,2538
3637,2588
3638,2632
3639,2662
3640,2668
3641,2698
3642,2692
3643,2666
3644,2674
3645,2712
3646,2714
3647,2732
3648,2748
3649,2704
3650,2698
3651,2726
3652,2746
3653,2704
3654,2780
3655,2780
3656,2776
3657,2808
3658,2824
3659,2774
3660,2774
3661,2802
3662,2830
3663,2806
3664,2784
3665,2794
3666,2786
3667,2792
3668,2780
3669,2786
3670,2776
3671,2782
3672,2696
3673,2682
3674,2714
3675,2770
3676,2732
3677,2738
3678,2692
3679,2666
3680,2572
3681,2550
3682,2528
3683,2536
3684,2502
3685,2510
3686,2498
3687,2530
3688,2550
3689,2516
3690,2548
3691,2508
3692,2486
3693,2478
3694,2492
3695,2460
3696,2430
3697,2432
3698,2472
3699,2446
3700,2430
3701,2410
3702,2396
3703,2410
3704,2382
3705,2354
3706,2336
3707,2340
3708,2348
3709,2348
3710,2356
3711,2388
3712,2430
3713,2462
3714,2442
3715,2378
3716,2376
3717,2370
3718,2382
3719,2372
3720,2348
3721,2352
3722,2380
3723,2408
3724,2384
3725,2348
3726,2328
3727,2284
3728,2268
3729,2300
3730,2314
3731,2326
3732,2338
3733,2380
3734,2408
3735,2420
3736,2388
3737,2450
3738,2430
3739,2480
3740,2496
3741,2502
3742,2500
3743,2480
3744,2504
3745,2510
3746,2476
3747,2466
3748,2496
3749,2440
3750,2462
3751,2436
3752,2416
3753,2446
3754,2442
3755,2402
3756,2422
3757,2416
3758,2444
3759,2482
3760,2452
3761,2484
3762,2492
3763,2438
3764,2496
3765,2512
3766,2456
3767,2458
3768,2470
3769,2538
3770,2546
3771,2560
3772,2574
3773,2516
3774,2504
3775,2410
3776,2370
3777,2430
3778,2414
3779,2416
3780,2442
3781,2444
3782,2406
3783,2424
3784,2442
3785,2424
3786,2478
3787,2518
3788,2524
3789,2546
3790,2548
3791,2560
3792,2550
3793,2540
3794,2502
3795,2510
3796,2532
3797,2532
3798,2472
3799,2510
3800,2524
3801,2474
3802,2532
3803,2512
3804,2524
3805,2474
3806,2422
3807,2404
3808,2442
3809,2432
3810,2432
3811,2424
3812,2410
3813,2408
3814,2472
3815,2430
3816,2466
3817,2452
3818,2460
3819,2472
3820,2468
3821,2504
3822,2508
3823,2532
3824,2524
3825,2494
3826,2530
3827,2510
3828,2512
3829,2520
3830,2546
3831,2572
3832,2616
3833,2626
3834,2598
3835,2556
3836,2538
3837,2556
3838,2584
3839,2558
3840,2558
3841,2518
3842,2520
3843,2532
3844,2514
3845,2512
3846,2484
3847,2478
3848,2478
3849,2436
3850,2436
3851,2444
3852,2428
3853,2446
3854,2450
3855,2454
3856,2466
3857,2416
3858,2470
3859,2426
3860,2448
3861,2418
3862,2476
3863,2498
3864,2512
3865,2446
3866,2462
3867,2412
3868,2418
3869,2360
3870,2324
3871,2288
3872,2282
3873,2294
3874,2296
3875,2314
3876,2338
3877,2392
3878,2392
3879,2378
3880,2354
3881,2300
3882,2326
3883,2316
3884,2276
3885,2308
3886,2300
3887,2272
3888,2242
3889,2276
3890,2272
3891,2260
3892,2290
3893,2230
3894,2248
3895,2234
3896,2236
3897,2224
3898,2190
3899,2202
3900,2114
3901,2154
3902,2116
3903,2132
3904,2182
3905,2238
3906,2200
3907,2176
3908,2134
3909,2102
3910,2136
3911,2114
3912,2100
3913,2140
3914,2130
3915,2108
3916,2140
3917,2110
3918,2078
3919,2018
3920,1976
3921,1994
3922,2000
3923,1988
3924,1972
3925,1944
3926,1966
3927,1998
3928,1974
3929,1942
3930,1916
3931,1930
3932,1914
3933,1954
3934,1908
3935,1896
3936,1924
3937,1932
3938,1936
3939,1984
3940,1966
3941,1958
3942,1964
3943,1966
3944,1962
3945,1906
3946,1924
3947,2002
3948,1992
3949,1996
3950,1958
3951,1950
3952,1962
3953,1912
3954,1918
3955,1844
3956,1870
3957,1902
3958,1916
3959,1918
3960,1922
3961,1958
3962,1990
3963,1994
3964,1992
3965,1962
3966,1934
3967,1902
3968,1890
3969,1936
3970,1918
3971,1918
3972,1912
3973,1920
3974,1920
3975,1944
3976,1922
3977,1956
3978,1944
3979,1926
3980,1910
3981,1906
3982,1908
3983,1904
3984,1872
3985,1926
3986,1934
3987,1972
3988,2016
3989,2022
3990,2088
3991,2070
3992,2052
3993,2060
3994,2054
3995,2064
3996,2062
3997,2050
3998,2058
3999,2068
4000,2144
4001,2046
4002,2070
4003,2096
4004,2134
4005,2068
4006,2094
4007,2128
4008,2126
4009,2144
4010,2134
4011,2172
4012,2190
4013,2136
4014,2076
4015,2080
4016,2086
4017,2094
4018,2090
4019,2026
4020,2046
4021,2042
4022,2068
4023,2104
4024,2086
4025,2074
4026,2082
4027,2102
4028,2110
4029,2082
4030,2026
4031,2006
4032,1992
4033,1988
4034,1976
4035,2030
4036,2060
4037,2044
4038,2066
4039,2072
4040,2066
4041,2080
4042,2092
4043,2100
4044,2054
4045,2036
4046,2032
4047,2034
4048,2042
4049,2050
4050,1980
4051,1996
4052,2040
4053,2006
4054,1974
4055,2022
4056,2038
4057,2066
4058,2116
4059,2094
4060,2116
4061,2120
4062,2154
4063,2126
4064,2122
4065,2134
4066,2126
4067,2060
4068,2038
4069,2042
4070,2042
4071,2014
4072,1964
4073,1924
4074,1922
4075,1954
4076,1932
4077,1936
4078,1918
4079,1916
4080,1968
4081,1960
4082,1966
4083,1978
4084,1966
4085,1936
4086,1920
4087,1914
4088,1930
4089,1980
4090,1930
4091,1930
4092,1896
4093,1986
4094,1960
4095,1928
4096,2000
4097,1992
4098,2006
4099,2012
4100,1978
4101,2066
4102,2066
4103,2074
4104,2080
4105,2062
4106,2044
4107,2084
4108,2066
4109,2068
4110,2116
4111,2052
4112,2032
4113,2030
4114,1984
4115,2022
4116,2014
4117,2028
4118,1978
4119,1974
4120,1954
4121,1946
4122,1904
4123,1910
4124,1848
4125,1862
4126,1914
4127,1924
4128,1912
4129,1950
4130,1926
4131,1876
4132,1874
4133,1906
4134,1898
4135,1884
4136,1872
4137,1876
4138,1864
4139,1866
4140,1860
4141,1886
4142,1870
4143,1930
4144,1966
4145,2000
4146,2002
4147,2020
4148,2010
4149,2000
4150,1950
4151,1940
4152,1914
4153,1950
4154,1938
4155,1898
4156,1944
4157,1992
4158,1952
4159,1940
4160,1986
4161,1998
4162,2046
4163,2068
4164,2066
4165,1978
4166,1958
4167,1944
4168,1964
4169,2040
4170,2044
4171,2024
4172,2022
4173,2014
4174,2020
4175,2020
4176,2078
4177,2112
4178,2110
4179,2156
4180,2190
4181,2186
4182,2192
4183,2144
4184,2186
4185,2174
4186,2218
4187,2212
4188,2220
4189,2190
4190,2216
4191,2138
4192,2088
4193,2104
4194,2132
4195,2204
4196,2138
4197,2132
4198,2106
4199,2138
4200,2062
4201,2020
4202,2066
4203,2086
4204,2090
4205,2074
4206,2026
4207,2038
4208,2022
4209,1958
4210,1984
4211,1970
4212,1988
4213,2066
4214,2008
4215,2022
4216,2056
4217,2034
4218,1988
4219,1992
4220,2034
4221,2060
4222,2046
4223,2016
4224,2014
4225,2036
4226,2028
4227,2026
4228,2070
4229,2044
4230,1998
4231,1996
4232,2058
4233,2020
4234,1994
4235,2008
4236,1936
4237,1934
4238,1954
4239,1908
4240,1952
4241,1920
4242,1984
4243,1964
4244,1924
4245,2010
4246,2000
4247,2052
4248,2098
4249,2110
4250,2098
4251,2082
4252,2088
4253,2080
4254,2116
4255,2114
4256,2084
4257,2042
4258,2052
4259,2032
4260,2054
4261,2042
4262,2024
4263,1976
4264,1974
4265,2018
4266,2058
4267,2046
4268,2008
4269,1992
4270,1934
4271,1952
4272,1968
4273,1952
4274,2004
4275,1972
4276,1922
4277,1912
4278,1952
4279,1970
4280,1962
4281,2010
4282,2016
4283,2010
4284,2030
4285,2012
4286,2022
4287,1994
4288,1960
4289,1924
4290,1966
4291,1950
4292,1884
4293,1918
4294,1928
4295,1946
4296,1906
4297,1910
4298,1912
4299,1922
4300,1870
4301,1862
4302,1828
4303,1776
4304,1748
4305,1814
4306,1814
4307,1842
4308,1866
4309,1822
4310,1832
4311,1804
4312,1854
4313,1840
4314,1834
4315,1728
4316,1718
4317,1760
4318,1742
4319,1696
4320,1676
4321,1722
4322,1704
4323,1756
4324,1750
4325,1774
4326,1786
4327,1800
4328,1794
4329,1810
4330,1754
4331,1766
4332,1778
4333,1774
4334,1786
4335,1808
4336,1890
4337,1870
4338,1788
4339,1788
4340,1806
4341,1822
4342,1812
4343,1830
4344,1850
4345,1804
4346,1844
4347,1862
4348,1834
4349,1802
4350,1834
4351,1854
4352,1830
4353,1872
4354,1918
4355,1914
4356,1956
4357,1934
4358,1952
4359,1962
4360,1970
4361,1974
4362,2014
4363,1994
4364,2012
4365,2008
4366,2000
4367,2044
4368,2000
4369,2028
4370,2000
4371,1998
4372,1964
4373,1986
4374,1974
4375,1978
4376,1970
4377,1960
4378,1956
4379,1990
4380,2004
4381,1972
4382,1976
4383,1972
4384,1942
4385,1928
4386,1906
4387,1874
4388,1856
4389,1830
4390,1798
4391,1840
4392,1810
4393,1780
4394,1788
4395,1856
4396,1870
4397,1818
4398,1838
4399,1850
4400,1862
4401,1912
4402,1960
4403,1950
4404,2028
4405,1986
4406,1978
4407,1966
4408,1984
4409,2030
4410,1960
4411,1966
4412,1942
4413,1892
4414,1854
4415,1890
4416,1848
4417,1814
4418,1838
4419,1846
4420,1822
4421,1798
4422,1754
4423,1782
4424,1754
4425,1822
4426,1780
4427,1834
4428,1862
4429,1918
4430,1916
4431,1918
4432,1900
4433,1876
4434,1866
4435,1816
4436,1836
4437,1814
4438,1786
4439,1772
4440,1764
4441,1710
4442,1718
4443,1688
4444,1704
4445,1754
4446,1780
4447,1736
4448,1730
4449,1738
4450,1754
4451,1736
4452,1830
4453,1842
4454,1798
4455,1780
4456,1854
4457,1860
4458,1854
4459,1860
4460,1864
4461,1838
4462,1760
4463,1726
4464,1700
4465,1714
4466,1754
4467,1718
4468,1706
4469,1760
4470,1738
4471,1750
4472,1758
4473,1768
4474,1688
4475,1688
4476,1714
4477,1712
4478,1688
4479,1714
4480,1644
4481,1626
4482,1632
4483,1664
4484,1664
4485,1626
4486,1638
4487,1636
4488,1626
4489,1616
4490,1594
4491,1568
4492,1576
4493,1564
4494,1560
4495,1548
4496,1536
4497,1560
4498,1572
4499,1562
4500,1570
4501,1630
4502,1614
4503,1628
4504,1656
4505,1656
4506,1648
4507,1620
4508,1676
4509,1656
4510,1748
4511,1746
4512,1772
4513,1738
4514,1724
4515,1674
4516,1716
4517,1654
4518,1710
4519,1718
4520,1682
4521,1644
4522,1650
4523,1716
4524,1746
4525,1718
4526,1630
4527,1668
4528,1678
4529,1674
4530,1640
4531,1584
4532,1576
4533,1594
4534,1568
4535,1562
4536,1556
4537,1546
4538,1582
4539,1572
4540,1582
4541,1622
4542,1608
4543,1618
4544,1624
4545,1704
4546,1694
4547,1758
4548,1788
4549,1784
4550,1806
4551,1750
4552,1702
4553,1730
4554,1746
4555,1694
4556,1700
4557,1676
4558,1674
4559,1668
4560,1626
4561,1578
4562,1612
4563,1610
4564,1662
4565,1714
4566,1698
4567,1648
4568,1682
4569,1726
4570,1758
4571,1786
4572,1726
4573,1646
4574,1674
4575,1676
4576,1690
4577,1690
4578,1698
4579,1682
4580,1714
4581,1684
4582,1678
4583,1694
4584,1742
4585,1688
4586,1700
4587,1708
4588,1762
4589,1742
4590,1730
4591,1754
4592,1788
4593,1742
4594,1776
4595,1758
4596,1730
4597,1788
4598,1786
4599,1782
4600,1786
4601,1796
4602,1790
4603,1798
4604,1790
4605,1782
4606,1754
4607,1754
4608,1754
4609,1756
4610,1732
4611,1710
4612,1668
4613,1750
4614,1682
4615,1702
4616,1632
4617,1674
4618,1730
4619,1716
4620,1720
4621,1752
4622,1660
4623,1592
4624,1618
4625,1572
4626,1556
4627,1576
4628,1622
4629,1662
4630,1662
4631,1674
4632,1680
4633,1644
4634,1644
4635,1624
4636,1612
4637,1618
4638,1596
4639,1580
4640,1578
4641,1580
4642,1524
4643,1538
4644,1554
4645,1558
4646,1568
4647,1542
4648,1510
4649,1464
4650,1480
4651,1530
4652,1564
4653,1508
4654,1428
4655,1440
4656,1488
4657,1530
4658,1606
4659,1624
4660,1642
4661,1648
4662,1604
4663,1552
4664,1554
4665,1576
4666,1588
4667,1598
4668,1570
4669,1588
4670,1612
4671,1620
4672,1596
4673,1576
4674,1604
4675,1584
4676,1602
4677,1600
4678,1578
4679,1634
4680,1658
4681,1648
4682,1658
4683,1676
4684,1668
4685,1670
4686,1660
4687,1656
4688,1588
4689,1576
4690,1568
4691,1614
4692,1648
4693,1668
4694,1668
4695,1658
4696,1682
4697,1678
4698,1700
4699,1710
4700,1682
4701,1618
4702,1634
4703,1664
4704,1654
4705,1630
4706,1626
4707,1614
4708,1588
4709,1618
4710,1628
4711,1650
4712,1656
4713,1642
4714,1676
4715,1694
4716,1696
4717,1668
4718,1634
4719,1584
4720,1540
4721,1518
4722,1544
4723,1606
4724,1644
4725,1688
4726,1684
4727,1726
4728,1700
4729,1730
4730,1744
4731,1774
4732,1750
4733,1768
4734,1814
4735,1864
4736,1816
4737,1828
4738,1856
4739,1848
4740,1888
4741,1878
4742,1900
4743,1968
4744,1974
4745,1980
4746,2016
4747,2000
4748,1976
4749,1924
4750,1940
4751,1954
4752,1958
4753,1920
4754,1940
4755,1916
4756,1884
4757,1896
4758,1932
4759,1970
4760,2044
4761,2026
4762,1994
4763,1960
4764,1978
4765,2018
4766,1972
4767,2010
4768,2044
4769,1996
4770,2030
4771,2044
4772,2072
4773,2086
4774,2066
4775,2094
4776,2006
4777,2018
4778,2038
4779,1986
4780,2000
4781,2006
4782,2002
4783,2042
4784,2066
4785,2150
4786,2140
4787,2166
4788,2076
4789,2100
4790,2112
4791,2102
4792,2114
4793,2076
4794,2088
4795,2082
4796,2086
4797,2084
4798,2028
4799,2044
4800,2070
4801,2084
4802,2028
4803,2056
4804,2042
4805,2056
4806,2020
4807,2012
4808,1970
4809,1952
4810,1912
4811,1896
4812,1900
4813,1906
4814,1864
4815,1854
4816,1868
4817,1860
4818,1872
4819,1808
4820,1828
4821,1894
4822,1868
4823,1880
4824,1860
4825,1882
4826,1864
4827,1882
4828,1856
4829,1786
4830,1786
4831,1850
4832,1900
4833,1924
4834,1938
4835,1994
4836,1982
4837,1966
4838,1974
4839,1970
4840,1964
4841,1980
4842,1970
4843,1968
4844,2040
4845,2050
4846,2026
4847,2072
4848,2094
4849,2080
4850,2084
4851,2120
4852,2086
4853,2076
4854,2078
4855,2068
4856,2068
4857,2052
4858,2072
4859,2116
4860,2126
4861,2108
4862,2094
4863,2086
4864,2120
4865,2082
4866,2068
4867,2078
4868,2074
4869,2080
4870,2074
4871,2064
4872,2074
4873,2080
4874,2088
4875,2100
4876,2104
4877,2148
4878,2152
4879,2126
4880,2138
4881,2070
4882,2034
4883,1994
4884,1964
4885,2000
4886,2032
4887,2008
4888,2038
4889,2058
4890,2016
4891,2022
4892,2058
4893,2072
4894,2072
4895,2096
4896,2054
4897,2082
4898,2036
4899,2042
4900,1976
4901,1928
4902,1980
4903,1978
4904,2002
4905,1964
4906,1994
4907,1988
4908,2072
4909,2026
4910,1940
4911,1928
4912,1922
4913,1946
4914,1872
4915,1892
4916,1936
4917,1858
4918,1872
4919,1858
4920,1910
4921,1914
4922,1908
4923,1860
4924,1918
4925,1908
4926,1936
4927,1910
4928,1938
4929,1972
4930,1966
4931,2008
4932,1998
4933,1916
4934,1852
4935,1866
4936,1872
4937,1888
4938,1898
4939,1900
4940,1916
4941,1932
4942,1946
4943,1920
4944,1966
4945,1940
4946,1934
4947,1908
4948,1890
4949,1896
4950,1840
4951,1898
4952,1948
4953,1960
4954,1940
4955,1876
4956,1918
4957,1916
4958,1902
4959,1908
4960,1910
4961,1900
4962,1912
4963,1904
4964,1860
4965,1836
4966,1856
4967,1878
4968,1862
4969,1870
4970,1844
4971,1872
4972,1920
4973,1950
4974,2008
4975,2052
4976,2026
4977,2008
4978,1994
4979,1978
4980,1968
4981,1958
4982,1942
4983,1922
4984,1880
4985,1910
4986,1898
4987,1920
4988,1936
4989,1914
4990,1900
4991,1894
4992,1864
4993,1912
4994,1888
4995,1854
4996,1894
4997,1884
4998,1872
4999,1844
