0,54
1,-130
2,-202
3,-48
4,-44
5,58
6,98
7,96
8,160
9,262
10,396
11,372
12,364
13,354
14,172
15,196
16,274
17,244
18,352
19,398
20,446
21,470
22,386
23,386
24,444
25,538
26,560
27,580
28,510
29,662
30,688
31,690
32,624
33,676
34,764
35,738
36,814
37,916
38,990
39,1082
40,1086
41,998
42,948
43,920
44,1002
45,1048
46,1132
47,1176
48,1220
49,1268
50,1304
51,1342
52,1380
53,1394
54,1382
55,1356
56,1462
57,1496
58,1524
59,1570
60,1684
61,1656
62,1698
63,1692
64,1710
65,1690
66,1702
67,1800
68,1838
69,1916
70,1978
71,1962
72,1936
73,2016
74,2030
75,2046
76,2000
77,2024
78,2058
79,2022
80,2084
81,2052
82,2130
83,2186
84,2298
85,2240
86,2244
87,2166
88,2172
89,2102
90,2176
91,2200
92,2202
93,2178
94,2204
95,2292
96,2244
97,2252
98,2248
99,2294
100,2320
101,2306
102,2358
103,2348
104,2318
105,2340
106,2298
107,2350
108,2432
109,2476
110,2524
111,2516
112,2476
113,2604
114,2624
115,2608
116,2686
117,2744
118,2774
119,2780
120,2744
121,2818
122,2862
123,2796
124,2810
125,2774
126,2792
127,2888
128,2906
129,2970
130,3020
131,3080
132,3130
133,3136
134,3046
135,3054
136,3064
137,3092
138,3112
139,3100
140,3062
141,3062
142,2998
143,3050
144,3120
145,3124
146,3134
147,3146
148,3172
149,3142
150,3204
151,3194
152,3204
153,3220
154,3194
155,3252
156,3306
157,3356
158,3390
159,3336
160,3378
161,3416
162,3368
163,3360
164,3332
165,3364
166,3414
167,3388
168,3426
169,3444
170,3454
171,3376
172,3368
173,3372
174,3446
175,3446
176,3524
177,3646
178,3678
179,3728
180,3766
181,3788
182,3776
183,3846
184,3890
185,3914
186,3870
187,3916
188,3910
189,3920
190,3924
191,3892
192,3894
193,3966
194,3986
195,4020
196,4058
197,4082
198,4128
199,4194
200,4226
201,4352
202,4344
203,4276
204,4328
205,4372
206,4392
207,4404
208,4408
209,4438
210,4436
211,4456
212,4516
213,4490
214,4524
215,4496
216,4558
217,4556
218,4522
219,4558
220,4580
221,4614
222,4638
223,4694
224,4740
225,4688
226,4754
227,4824
228,4746
229,4714
230,4688
231,4676
232,4694
233,4798
234,4890
235,4844
236,4816
237,4856
238,4950
239,4980
240,5010
241,5064
242,5042
243,5064
244,5078
245,5098
246,5078
247,5122
248,5126
249,5114
250,5224
251,5244
252,5288
253,5242
254,5214
255,5222
256,5176
257,5232
258,5184
259,5188
260,5168
261,5230
262,5294
263,5302
264,5318
265,5346
266,5300
267,5326
268,5434
269,5434
270,5494
271,5492
272,5550
273,5696
274,5786
275,5752
276,5728
277,5754
278,5842
279,5826
280,5832
281,5828
282,5840
283,5788
284,5792
285,5804
286,5838
287,5900
288,5950
289,5950
290,5972
291,5988
292,6030
293,5996
294,6030
295,6054
296,6088
297,6146
298,6132
299,6116
300,6174
301,6252
302,6202
303,6202
304,6196
305,6176
306,6176
307,6168
308,6144
309,6124
310,6212
311,6282
312,6306
313,6358
314,6384
315,6348
316,6356
317,6368
318,6340
319,6320
320,6332
321,6356
322,6332
323,6358
324,6408
325,6424
326,6422
327,6402
328,6490
329,6568
330,6592
331,6586
332,6568
333,6572
334,6612
335,6564
336,6576
337,6612
338,6604
339,6608
340,6588
341,6542
342,6596
343,6614
344,6606
345,6638
346,6632
347,6630
348,6606
349,6626
350,6652
351,6630
352,6590
353,6566
354,6564
355,6580
356,6594
357,6578
358,6550
359,6556
360,6540
361,6540
362,6600
363,6576
364,6648
365,6646
366,6646
367,6624
368,6610
369,6578
370,6632
371,6642
372,6682
373,6684
374,6734
375,6688
376,6730
377,6738
378,6706
379,6746
380,6768
381,6788
382,6794
383,6810
384,6828
385,6820
386,6816
387,6804
388,6734
389,6756
390,6746
391,6742
392,6746
393,6742
394,6744
395,6752
396,6770
397,6760
398,6776
399,6742
400,6764
401,6754
402,6758
403,6774
404,6790
405,6784
406,6776
407,6784
408,6774
409,6802
410,6794
411,6806
412,6824
413,6828
414,6874
415,6840
416,6836
417,6828
418,6878
419,6904
420,6904
421,6898
422,6900
423,6900
424,6890
425,6930
426,6992
427,6966
428,6940
429,6974
430,6974
431,6996
432,6988
433,7006
434,7050
435,7064
436,7018
437,7044
438,7040
439,6996
440,6976
441,6982
442,6982
443,6942
444,6938
445,6998
446,7032
447,7058
448,7066
449,7052
450,7054
451,7090
452,7132
453,7154
454,7158
455,7184
456,7176
457,7206
458,7236
459,7238
460,7254
461,7278
462,7352
463,7380
464,7356
465,7382
466,7364
467,7380
468,7378
469,7424
470,7438
471,7456
472,7472
473,7454
474,7450
475,7466
476,7462
477,7508
478,7482
479,7504
480,7508
481,7522
482,7512
483,7516
484,7528
485,7506
486,7540
487,7492
488,7554
489,7550
490,7564
491,7572
492,7604
493,7590
494,7576
495,7562
496,7538
497,7526
498,7472
499,7514
500,7478
501,7512
502,7502
503,7518
504,7570
505,7558
506,7566
507,7578
508,7574
509,7588
510,7574
511,7604
512,7612
513,7578
514,7536
515,7594
516,7642
517,7662
518,7678
519,7730
520,7740
521,7758
522,7788
523,7774
524,7788
525,7800
526,7794
527,7846
528,7824
529,7856
530,7854
531,7864
532,7882
533,7896
534,7876
535,7902
536,7886
537,7930
538,7918
539,7910
540,7896
541,7882
542,7950
543,7938
544,7930
545,7928
546,7916
547,7896
548,7906
549,7934
550,7906
551,7882
552,7928
553,7898
554,7908
555,7924
556,7950
557,7998
558,8008
559,8010
560,8060
561,8058
562,8138
563,8118
564,8100
565,8110
566,8124
567,8146
568,8144
569,8108
570,8108
571,8160
572,8134
573,8164
574,8140
575,8150
576,8182
577,8244
578,8286
579,8288
580,8306
581,8358
582,8414
583,8358
584,8372
585,8366
586,8358
587,8394
588,8418
589,8450
590,8460
591,8506
592,8446
593,8474
594,8474
595,8482
596,8490
597,8462
598,8526
599,8506
600,8534
601,8492
602,8522
603,8518
604,8542
605,8518
606,8520
607,8526
608,8506
609,8516
610,8504
611,8478
612,8484
613,8496
614,8520
615,8576
616,8566
617,8588
618,8634
619,8594
620,8594
621,8600
622,8642
623,8608
624,8604
625,8626
626,8600
627,8610
628,8624
629,8656
630,8690
631,8642
632,8634
633,8644
634,8572
635,8600
636,8608
637,8662
638,8622
639,8646
640,8634
641,8602
642,8586
643,8592
644,8598
645,8620
646,8674
647,8706
648,8682
649,8668
650,8634
651,8698
652,8706
653,8692
654,8676
655,8656
656,8660
657,8692
658,8774
659,8780
660,8826
661,8822
662,8812
663,8778
664,8760
665,8792
666,8782
667,8790
668,8798
669,8776
670,8788
671,8804
672,8812
673,8770
674,8826
675,8866
676,8862
677,8854
678,8834
679,8886
680,8890
681,8930
682,8956
683,8902
684,8902
685,8932
686,8930
687,8930
688,8932
689,8898
690,8912
691,8930
692,8926
693,8932
694,8926
695,8900
696,8904
697,8864
698,8928
699,8960
700,8962
701,8986
702,8952
703,8966
704,8950
705,8952
706,8986
707,9000
708,8996
709,8976
710,9054
711,9096
712,9072
713,9060
714,9068
715,9058
716,9054
717,9074
718,9078
719,9038
720,9050
721,9074
722,9132
723,9140
724,9162
725,9150
726,9138
727,9136
728,9166
729,9156
730,9164
731,9154
732,9144
733,9172
734,9186
735,9184
736,9238
737,9250
738,9234
739,9272
740,9332
741,9320
742,9368
743,9372
744,9372
745,9392
746,9382
747,9402
748,9422
749,9386
750,9402
751,9408
752,9408
753,9424
754,9426
755,9406
756,9426
757,9428
758,9464
759,9478
760,9462
761,9450
762,9460
763,9440
764,9496
765,9534
766,9550
767,9548
768,9584
769,9600
770,9560
771,9566
772,9586
773,9584
774,9540
775,9558
776,9554
777,9586
778,9602
779,9584
780,9584
781,9600
782,9548
783,9594
784,9604
785,9578
786,9584
787,9582
788,9570
789,9566
790,9600
791,9614
792,9616
793,9630
794,9634
795,9626
796,9590
797,9576
798,9618
799,9616
800,9642
801,9646
802,9642
803,9656
804,9682
805,9678
806,9672
807,9698
808,9688
809,9670
810,9676
811,9656
812,9634
813,9626
814,9684
815,9716
816,9684
817,9652
818,9644
819,9646
820,9626
821,9644
822,9676
823,9710
824,9692
825,9670
826,9680
827,9688
828,9670
829,9678
830,9654
831,9662
832,9700
833,9704
834,9706
835,9706
836,9718
837,9734
838,9756
839,9748
840,9756
841,9746
842,9782
843,9798
844,9820
845,9804
846,9778
847,9760
848,9784
849,9796
850,9794
851,9794
852,9794
853,9812
854,9816
855,9830
856,9816
857,9848
858,9874
859,9892
860,9874
861,9884
862,9872
863,9852
864,9850
865,9848
866,9838
867,9868
868,9864
869,9876
870,9868
871,9878
872,9832
873,9846
874,9806
875,9846
876,9862
877,9866
878,9854
879,9832
880,9842
881,9846
882,9844
883,9848
884,9838
885,9806
886,9830
887,9860
888,9874
889,9860
890,9872
891,9898
892,9866
893,9878
894,9908
895,9888
896,9854
897,9852
898,9866
899,9880
900,9876
901,9864
902,9902
903,9844
904,9846
905,9824
906,9868
907,9876
908,9874
909,9860
910,9868
911,9830
912,9850
913,9864
914,9880
915,9864
916,9846
917,9844
918,9828
919,9862
920,9864
921,9862
922,9856
923,9846
924,9870
925,9872
926,9878
927,9848
928,9848
929,9832
930,9844
931,9826
932,9854
933,9868
934,9856
935,9860
936,9864
937,9842
938,9856
939,9858
940,9896
941,9878
942,9856
943,9860
944,9882
945,9860
946,9842
947,9850
948,9848
949,9838
950,9842
951,9868
952,9858
953,9830
954,9848
955,9854
956,9858
957,9884
958,9858
959,9880
960,9878
961,9862
962,9868
963,9848
964,9848
965,9876
966,9870
967,9878
968,9890
969,9892
970,9856
971,9870
972,9892
973,9884
974,9848
975,9858
976,9864
977,9854
978,9870
979,9866
980,9870
981,9874
982,9886
983,9884
984,9876
985,9860
986,9868
987,9854
988,9890
989,9856
990,9828
991,9856
992,9872
993,9872
994,9874
995,9848
996,9828
997,9844
998,9866
999,9866
1000,9868
1001,9848
1002,9848
1003,9876
1004,9882
1005,9900
1006,9860
1007,9846
1008,9872
1009,9898
1010,9880
1011,9886
1012,9852
1013,9868
1014,9866
1015,9880
1016,9900
1017,9894
1018,9892
1019,9886
1020,9880
1021,9872
1022,9846
1023,9878
1024,9832
1025,9842
1026,9846
1027,9862
1028,9864
1029,9888
1030,9868
1031,9834
1032,9834
1033,9836
1034,9856
1035,9874
1036,9892
1037,9880
1038,9874
1039,9876
1040,9856
1041,9888
1042,9886
1043,9882
1044,9868
1045,9848
1046,9890
1047,9870
1048,9862
1049,9856
1050,9884
1051,9880
1052,9852
1053,9884
1054,9894
1055,9902
1056,9850
1057,9858
1058,9888
1059,9876
1060,9874
1061,9882
1062,9862
1063,9862
1064,9834
1065,9812
1066,9838
1067,9836
1068,9808
1069,9786
1070,9846
1071,9860
1072,9848
1073,9828
1074,9842
1075,9830
1076,9796
1077,9836
1078,9844
1079,9860
1080,9866
1081,9854
1082,9886
1083,9900
1084,9876
1085,9888
1086,9908
1087,9892
1088,9880
1089,9862
1090,9854
1091,9888
1092,9900
1093,9910
1094,9864
1095,9850
1096,9858
1097,9866
1098,9866
1099,9870
1100,9874
1101,9858
1102,9862
1103,9866
1104,9894
1105,9872
1106,9888
1107,9860
1108,9884
1109,9874
1110,9900
1111,9848
1112,9854
1113,9882
1114,9882
1115,9854
1116,9828
1117,9840
1118,9874
1119,9870
1120,9874
1121,9876
1122,9866
1123,9864
1124,9876
1125,9872
1126,9862
1127,9862
1128,9848
1129,9848
1130,9834
1131,9854
1132,9862
1133,9866
1134,9872
1135,9872
1136,9872
1137,9856
1138,9864
1139,9868
1140,9868
1141,9854
1142,9870
1143,9834
1144,9860
1145,9862
1146,9874
1147,9856
1148,9870
1149,9886
1150,9844
1151,9858
1152,9856
1153,9832
1154,9852
1155,9856
1156,9842
1157,9850
1158,9848
1159,9860
1160,9858
1161,9840
1162,9854
1163,9832
1164,9856
1165,9854
1166,9856
1167,9868
1168,9880
1169,9874
1170,9842
1171,9848
1172,9900
1173,9870
1174,9862
1175,9888
1176,9892
1177,9896
1178,9876
1179,9882
1180,9854
1181,9882
1182,9878
1183,9872
1184,9852
1185,9838
1186,9864
1187,9852
1188,9860
1189,9866
1190,9846
1191,9848
1192,9888
1193,9864
1194,9850
1195,9886
1196,9892
1197,9900
1198,9874
1199,9866
1200,9866
1201,9856
1202,9874
1203,9892
1204,9888
1205,9872
1206,9888
1207,9888
1208,9836
1209,9806
1210,9842
1211,9850
1212,9846
1213,9856
1214,9870
1215,9866
1216,9886
1217,9912
1218,9854
1219,9882
1220,9886
1221,9856
1222,9850
1223,9842
1224,9828
1225,9792
1226,9826
1227,9842
1228,9858
1229,9868
1230,9858
1231,9842
1232,9842
1233,9858
1234,9902
1235,9910
1236,9886
1237,9892
1238,9888
1239,9874
1240,9866
1241,9888
1242,9860
1243,9862
1244,9850
1245,9864
1246,9858
1247,9874
1248,9904
1249,9908
1250,9888
1251,9906
1252,9868
1253,9864
1254,9858
1255,9848
1256,9834
1257,9842
1258,9846
1259,9886
1260,9858
1261,9836
1262,9834
1263,9822
1264,9824
1265,9858
1266,9838
1267,9852
1268,9834
1269,9854
1270,9856
1271,9838
1272,9860
1273,9894
1274,9890
1275,9912
1276,9886
1277,9864
1278,9882
1279,9860
1280,9900
1281,9856
1282,9830
1283,9870
1284,9862
1285,9844
1286,9832
1287,9866
1288,9852
1289,9886
1290,9898
1291,9892
1292,9860
1293,9862
1294,9872
1295,9846
1296,9834
1297,9856
1298,9858
1299,9840
1300,9876
1301,9880
1302,9870
1303,9842
1304,9868
1305,9836
1306,9868
1307,9864
1308,9866
1309,9878
1310,9856
1311,9876
1312,9868
1313,9852
1314,9852
1315,9836
1316,9826
1317,9844
1318,9868
1319,9876
1320,9864
1321,9858
1322,9852
1323,9830
1324,9836
1325,9840
1326,9854
1327,9876
1328,9870
1329,9864
1330,9864
1331,9888
1332,9876
1333,9884
1334,9862
1335,9844
1336,9870
1337,9864
1338,9862
1339,9862
1340,9854
1341,9852
1342,9850
1343,9866
1344,9850
1345,9856
1346,9862
1347,9862
1348,9862
1349,9860
1350,9850
1351,9852
1352,9868
1353,9890
1354,9880
1355,9892
1356,9898
1357,9888
1358,9904
1359,9900
1360,9892
1361,9876
1362,9864
1363,9848
1364,9862
1365,9884
1366,9886
1367,9886
1368,9892
1369,9880
1370,9868
1371,9896
1372,9868
1373,9838
1374,9854
1375,9840
1376,9850
1377,9864
1378,9864
1379,9878
1380,9882
1381,9852
1382,9870
1383,9852
1384,9872
1385,9864
1386,9868
1387,9868
1388,9832
1389,9828
1390,9866
1391,9848
1392,9848
1393,9862
1394,9874
1395,9858
1396,9854
1397,9862
1398,9844
1399,9856
1400,9884
1401,9884
1402,9884
1403,9882
1404,9866
1405,9880
1406,9900
1407,9890
1408,9902
1409,9890
1410,9866
1411,9856
1412,9874
1413,9868
1414,9872
1415,9882
1416,9874
1417,9866
1418,9860
1419,9884
1420,9888
1421,9852
1422,9844
1423,9860
1424,9870
1425,9894
1426,9896
1427,9866
1428,9884
1429,9868
1430,9850
1431,9826
1432,9862
1433,9890
1434,9884
1435,9900
1436,9876
1437,9896
1438,9874
1439,9888
1440,9878
1441,9854
1442,9862
1443,9876
1444,9870
1445,9876
1446,9882
1447,9878
1448,9840
1449,9836
1450,9850
1451,9880
1452,9880
1453,9882
1454,9852
1455,9854
1456,9864
1457,9830
1458,9872
1459,9862
1460,9856
1461,9856
1462,9870
1463,9868
1464,9874
1465,9852
1466,9874
1467,9856
1468,9838
1469,9844
1470,9820
1471,9860
1472,9868
1473,9882
1474,9858
1475,9862
1476,9846
1477,9894
1478,9886
1479,9896
1480,9900
1481,9910
1482,9902
1483,9912
1484,9900
1485,9882
1486,9872
1487,9836
1488,9874
1489,9850
1490,9874
1491,9824
1492,9856
1493,9876
1494,9882
1495,9870
1496,9880
1497,9900
1498,9906
1499,9894
1500,9892
1501,9898
1502,9866
1503,9852
1504,9882
1505,9884
1506,9862
1507,9874
1508,9864
1509,9858
1510,9834
1511,9880
1512,9874
1513,9870
1514,9884
1515,9860
1516,9872
1517,9882
1518,9892
1519,9900
1520,9886
1521,9862
1522,9876
1523,9854
1524,9844
1525,9840
1526,9860
1527,9844
1528,9840
1529,9866
1530,9874
1531,9876
1532,9854
1533,9864
1534,9846
1535,9874
1536,9872
1537,9884
1538,9852
1539,9894
1540,9870
1541,9866
1542,9870
1543,9866
1544,9860
1545,9862
1546,9852
1547,9842
1548,9836
1549,9884
1550,9854
1551,9850
1552,9858
1553,9866
1554,9874
1555,9860
1556,9836
1557,9878
1558,9880
1559,9874
1560,9840
1561,9814
1562,9846
1563,9850
1564,9870
1565,9874
1566,9848
1567,9848
1568,9860
1569,9866
1570,9884
1571,9876
1572,9874
1573,9876
1574,9876
1575,9884
1576,9866
1577,9858
1578,9884
1579,9880
1580,9870
1581,9864
1582,9846
1583,9840
1584,9854
1585,9868
1586,9884
1587,9872
1588,9854
1589,9848
1590,9876
1591,9892
1592,9860
1593,9844
1594,9808
1595,9838
1596,9856
1597,9860
1598,9846
1599,9860
1600,9862
1601,9888
1602,9884
1603,9868
1604,9856
1605,9854
1606,9864
1607,9850
1608,9844
1609,9852
1610,9838
1611,9840
1612,9826
1613,9852
1614,9860
1615,9852
1616,9864
1617,9850
1618,9846
1619,9882
1620,9864
1621,9858
1622,9854
1623,9860
1624,9824
1625,9832
1626,9848
1627,9864
1628,9848
1629,9840
1630,9834
1631,9874
1632,9888
1633,9894
1634,9886
1635,9858
1636,9850
1637,9860
1638,9846
1639,9874
1640,9834
1641,9868
1642,9828
1643,9842
1644,9852
1645,9854
1646,9844
1647,9868
1648,9882
1649,9868
1650,9854
1651,9872
1652,9910
1653,9854
1654,9836
1655,9822
1656,9852
1657,9894
1658,9898
1659,9902
1660,9920
1661,9914
1662,9884
1663,9892
1664,9894
1665,9896
1666,9890
1667,9914
1668,9882
1669,9900
1670,9908
1671,9884
1672,9862
1673,9856
1674,9854
1675,9858
1676,9844
1677,9890
1678,9884
1679,9888
1680,9862
1681,9884
1682,9876
1683,9862
1684,9852
1685,9848
1686,9828
1687,9844
1688,9874
1689,9872
1690,9860
1691,9874
1692,9892
1693,9868
1694,9846
1695,9856
1696,9852
1697,9840
1698,9874
1699,9870
1700,9850
1701,9858
1702,9888
1703,9892
1704,9882
1705,9876
1706,9856
1707,9866
1708,9868
1709,9822
1710,9838
1711,9856
1712,9818
1713,9842
1714,9862
1715,9884
1716,9858
1717,9836
1718,9852
1719,9862
1720,9894
1721,9866
1722,9870
1723,9882
1724,9862
1725,9892
1726,9898
1727,9866
1728,9868
1729,9856
1730,9864
1731,9880
1732,9878
1733,9862
1734,9858
1735,9878
1736,9882
1737,9886
1738,9870
1739,9896
1740,9862
1741,9864
1742,9874
1743,9872
1744,9876
1745,9814
1746,9850
1747,9858
1748,9880
1749,9878
1750,9880
1751,9840
1752,9862
1753,9880
1754,9854
1755,9846
1756,9854
1757,9866
1758,9872
1759,9884
1760,9826
1761,9846
1762,9852
1763,9828
1764,9834
1765,9844
1766,9850
1767,9872
1768,9854
1769,9862
1770,9868
1771,9868
1772,9878
1773,9878
1774,9900
1775,9884
1776,9878
1777,9822
1778,9838
1779,9868
1780,9844
1781,9848
1782,9816
1783,9850
1784,9860
1785,9846
1786,9844
1787,9850
1788,9876
1789,9856
1790,9852
1791,9886
1792,9886
1793,9856
1794,9852
1795,9866
1796,9854
1797,9868
1798,9884
1799,9860
1800,9878
1801,9864
1802,9862
1803,9864
1804,9864
1805,9878
1806,9860
1807,9870
1808,9876
1809,9876
1810,9862
1811,9884
1812,9902
1813,9880
1814,9856
1815,9850
1816,9856
1817,9870
1818,9870
1819,9894
1820,9870
1821,9856
1822,9856
1823,9820
1824,9852
1825,9842
1826,9832
1827,9880
1828,9876
1829,9872
1830,9868
1831,9856
1832,9876
1833,9856
1834,9844
1835,9858
1836,9816
1837,9860
1838,9856
1839,9886
1840,9876
1841,9844
1842,9854
1843,9842
1844,9858
1845,9876
1846,9860
1847,9834
1848,9846
1849,9854
1850,9876
1851,9872
1852,9862
1853,9876
1854,9862
1855,9868
1856,9868
1857,9862
1858,9870
1859,9862
1860,9860
1861,9860
1862,9870
1863,9880
1864,9886
1865,9888
1866,9896
1867,9888
1868,9884
1869,9884
1870,9870
1871,9866
1872,9870
1873,9866
1874,9860
1875,9852
1876,9872
1877,9880
1878,9866
1879,9836
1880,9850
1881,9870
1882,9854
1883,9866
1884,9884
1885,9866
1886,9860
1887,9860
1888,9852
1889,9870
1890,9882
1891,9912
1892,9880
1893,9876
1894,9852
1895,9864
1896,9872
1897,9848
1898,9844
1899,9834
1900,9874
1901,9854
1902,9846
1903,9868
1904,9864
1905,9870
1906,9894
1907,9846
1908,9832
1909,9844
1910,9878
1911,9886
1912,9910
1913,9918
1914,9910
1915,9894
1916,9896
1917,9902
1918,9902
1919,9890
1920,9878
1921,9860
1922,9882
1923,9848
1924,9892
1925,9892
1926,9880
1927,9872
1928,9886
1929,9896
1930,9880
1931,9866
1932,9900
1933,9874
1934,9860
1935,9840
1936,9894
1937,9892
1938,9868
1939,9890
1940,9880
1941,9902
1942,9880
1943,9860
1944,9868
1945,9880
1946,9854
1947,9874
1948,9850
1949,9854
1950,9868
1951,9860
1952,9860
1953,9850
1954,9846
1955,9844
1956,9868
1957,9892
1958,9894
1959,9860
1960,9846
1961,9876
1962,9904
1963,9906
1964,9904
1965,9906
1966,9898
1967,9878
1968,9880
1969,9872
1970,9834
1971,9836
1972,9840
1973,9840
1974,9870
1975,9874
1976,9882
1977,9858
1978,9846
1979,9846
1980,9880
1981,9864
1982,9872
1983,9878
1984,9910
1985,9884
1986,9876
1987,9884
1988,9874
1989,9852
1990,9856
1991,9870
1992,9868
1993,9834
1994,9844
1995,9842
1996,9850
1997,9844
1998,9852
1999,9840
2000,9856
2001,9864
2002,9830
2003,9842
2004,9832
2005,9802
2006,9826
2007,9862
2008,9864
2009,9862
2010,9850
2011,9860
2012,9852
2013,9856
2014,9864
2015,9856
2016,9862
2017,9872
2018,9880
2019,9884
2020,9882
2021,9850
2022,9842
2023,9854
2024,9840
2025,9814
2026,9814
2027,9804
2028,9838
2029,9864
2030,9830
2031,9864
2032,9844
2033,9834
2034,9856
2035,9888
2036,9886
2037,9890
2038,9872
2039,9866
2040,9846
2041,9872
2042,9872
2043,9884
2044,9848
2045,9836
2046,9828
2047,9838
2048,9854
2049,9836
2050,9850
2051,9852
2052,9874
2053,9868
2054,9864
2055,9842
2056,9844
2057,9844
2058,9876
2059,9868
2060,9854
2061,9868
2062,9876
2063,9902
2064,9878
2065,9890
2066,9864
2067,9896
2068,9878
2069,9838
2070,9820
2071,9844
2072,9842
2073,9858
2074,9850
2075,9836
2076,9852
2077,9890
2078,9896
2079,9866
2080,9850
2081,9842
2082,9850
2083,9810
2084,9860
2085,9852
2086,9854
2087,9850
2088,9880
2089,9892
2090,9888
2091,9886
2092,9870
2093,9838
2094,9848
2095,9876
2096,9856
2097,9870
2098,9912
2099,9898
2100,9842
2101,9864
2102,9862
2103,9832
2104,9838
2105,9848
2106,9854
2107,9864
2108,9886
2109,9886
2110,9880
2111,9866
2112,9858
2113,9898
2114,9902
2115,9874
2116,9870
2117,9854
2118,9870
2119,9820
2120,9842
2121,9852
2122,9882
2123,9878
2124,9900
2125,9888
2126,9894
2127,9896
2128,9868
2129,9854
2130,9854
2131,9844
2132,9798
2133,9820
2134,9822
2135,9814
2136,9844
2137,9872
2138,9886
2139,9882
2140,9868
2141,9890
2142,9866
2143,9850
2144,9892
2145,9868
2146,9868
2147,9852
2148,9872
2149,9830
2150,9814
2151,9852
2152,9848
2153,9830
2154,9824
2155,9852
2156,9872
2157,9852
2158,9860
2159,9872
2160,9870
2161,9878
2162,9908
2163,9888
2164,9888
2165,9882
2166,9884
2167,9868
2168,9862
2169,9840
2170,9850
2171,9832
2172,9836
2173,9858
2174,9854
2175,9862
2176,9854
2177,9846
2178,9834
2179,9850
2180,9826
2181,9816
2182,9850
2183,9854
2184,9816
2185,9854
2186,9870
2187,9856
2188,9826
2189,9832
2190,9852
2191,9850
2192,9884
2193,9872
2194,9854
2195,9884
2196,9884
2197,9842
2198,9844
2199,9882
2200,9898
2201,9906
2202,9876
2203,9884
2204,9870
2205,9842
2206,9844
2207,9858
2208,9878
2209,9880
2210,9870
2211,9866
2212,9848
2213,9842
2214,9848
2215,9854
2216,9842
2217,9878
2218,9840
2219,9882
2220,9868
2221,9838
2222,9846
2223,9840
2224,9874
2225,9852
2226,9856
2227,9864
2228,9824
2229,9830
2230,9832
2231,9870
2232,9868
2233,9888
2234,9896
2235,9886
2236,9884
2237,9872
2238,9840
2239,9854
2240,9838
2241,9852
2242,9862
2243,9868
2244,9846
2245,9864
2246,9854
2247,9870
2248,9868
2249,9860
2250,9882
2251,9890
2252,9884
2253,9884
2254,9884
2255,9886
2256,9878
2257,9846
2258,9854
2259,9846
2260,9854
2261,9872
2262,9882
2263,9866
2264,9864
2265,9852
2266,9860
2267,9852
2268,9856
2269,9830
2270,9876
2271,9880
2272,9840
2273,9838
2274,9880
2275,9840
2276,9870
2277,9850
2278,9872
2279,9854
2280,9850
2281,9860
2282,9868
2283,9854
2284,9850
2285,9878
2286,9874
2287,9862
2288,9884
2289,9882
2290,9870
2291,9856
2292,9856
2293,9874
2294,9848
2295,9914
2296,9900
2297,9894
2298,9846
2299,9856
2300,9880
2301,9896
2302,9888
2303,9866
2304,9886
2305,9870
2306,9886
2307,9858
2308,9870
2309,9860
2310,9864
2311,9872
2312,9850
2313,9836
2314,9850
2315,9858
2316,9846
2317,9856
2318,9876
2319,9844
2320,9852
2321,9850
2322,9854
2323,9826
2324,9804
2325,9798
2326,9830
2327,9854
2328,9860
2329,9848
2330,9844
2331,9836
2332,9840
2333,9868
2334,9898
2335,9868
2336,9880
2337,9872
2338,9878
2339,9870
2340,9892
2341,9878
2342,9820
2343,9824
2344,9794
2345,9804
2346,9774
2347,9800
2348,9814
2349,9866
2350,9864
2351,9866
2352,9868
2353,9852
2354,9854
2355,9878
2356,9874
2357,9864
2358,9882
2359,9860
2360,9870
2361,9904
2362,9882
2363,9890
2364,9880
2365,9882
2366,9878
2367,9894
2368,9852
2369,9844
2370,9858
2371,9850
2372,9848
2373,9844
2374,9852
2375,9866
2376,9896
2377,9868
2378,9850
2379,9856
2380,9896
2381,9874
2382,9858
2383,9896
2384,9870
2385,9840
2386,9852
2387,9834
2388,9846
2389,9832
2390,9870
2391,9850
2392,9892
2393,9892
2394,9870
2395,9882
2396,9868
2397,9864
2398,9884
2399,9862
2400,9894
2401,9894
2402,9872
2403,9872
2404,9866
2405,9822
2406,9838
2407,9862
2408,9898
2409,9870
2410,9846
2411,9846
2412,9846
2413,9830
2414,9828
2415,9828
2416,9858
2417,9830
2418,9860
2419,9836
2420,9866
2421,9882
2422,9870
2423,9890
2424,9850
2425,9872
2426,9870
2427,9872
2428,9826
2429,9848
2430,9880
2431,9844
2432,9832
2433,9848
2434,9846
2435,9832
2436,9840
2437,9838
2438,9878
2439,9896
2440,9866
2441,9844
2442,9884
2443,9876
2444,9856
2445,9854
2446,9888
2447,9870
2448,9862
2449,9872
2450,9842
2451,9878
2452,9878
2453,9856
2454,9852
2455,9882
2456,9858
2457,9844
2458,9894
2459,9892
2460,9860
2461,9852
2462,9854
2463,9858
2464,9876
2465,9878
2466,9904
2467,9884
2468,9894
2469,9866
2470,9868
2471,9878
2472,9876
2473,9868
2474,9868
2475,9834
2476,9830
2477,9836
2478,9868
2479,9880
2480,9850
2481,9856
2482,9858
2483,9880
2484,9862
2485,9866
2486,9852
2487,9842
2488,9852
2489,9822
2490,9834
2491,9854
2492,9844
2493,9824
2494,9822
2495,9840
2496,9860
2497,9868
2498,9856
2499,9876
2500,9848
2501,9878
2502,9888
2503,9900
2504,9874
2505,9862
2506,9898
2507,9874
2508,9864
2509,9866
2510,9878
2511,9894
2512,9896
2513,9876
2514,9886
2515,9862
2516,9850
2517,9870
2518,9896
2519,9886
2520,9862
2521,9856
2522,9864
2523,9814
2524,9856
2525,9848
2526,9874
2527,9892
2528,9880
2529,9886
2530,9870
2531,9880
2532,9878
2533,9860
2534,9894
2535,9874
2536,9854
2537,9850
2538,9888
2539,9868
2540,9868
2541,9856
2542,9878
2543,9874
2544,9892
2545,9858
2546,9808
2547,9856
2548,9860
2549,9826
2550,9790
2551,9808
2552,9826
2553,9864
2554,9858
2555,9856
2556,9856
2557,9846
2558,9854
2559,9856
2560,9870
2561,9864
2562,9882
2563,9862
2564,9854
2565,9860
2566,9878
2567,9886
2568,9890
2569,9852
2570,9844
2571,9848
2572,9858
2573,9854
2574,9858
2575,9850
2576,9848
2577,9858
2578,9858
2579,9874
2580,9862
2581,9874
2582,9878
2583,9838
2584,9810
2585,9838
2586,9850
2587,9868
2588,9862
2589,9872
2590,9888
2591,9874
2592,9888
2593,9886
2594,9856
2595,9850
2596,9888
2597,9878
2598,9868
2599,9856
2600,9862
2601,9870
2602,9866
2603,9878
2604,9854
2605,9866
2606,9846
2607,9880
2608,9860
2609,9870
2610,9866
2611,9900
2612,9870
2613,9844
2614,9842
2615,9850
2616,9872
2617,9844
2618,9874
2619,9874
2620,9896
2621,9868
2622,9844
2623,9874
2624,9888
2625,9866
2626,9834
2627,9856
2628,9856
2629,9832
2630,9856
2631,9864
2632,9864
2633,9872
2634,9868
2635,9892
2636,9894
2637,9898
2638,9884
2639,9866
2640,9852
2641,9868
2642,9860
2643,9884
2644,9862
2645,9868
2646,9838
2647,9878
2648,9864
2649,9856
2650,9860
2651,9882
2652,9858
2653,9872
2654,9894
2655,9874
2656,9890
2657,9888
2658,9870
2659,9878
2660,9856
2661,9856
2662,9842
2663,9844
2664,9862
2665,9894
2666,9898
2667,9908
2668,9884
2669,9854
2670,9864
2671,9864
2672,9890
2673,9900
2674,9880
2675,9876
2676,9870
2677,9892
2678,9878
2679,9856
2680,9878
2681,9894
2682,9864
2683,9812
2684,9848
2685,9862
2686,9846
2687,9844
2688,9866
2689,9846
2690,9842
2691,9834
2692,9864
2693,9876
2694,9854
2695,9852
2696,9872
2697,9856
2698,9842
2699,9870
2700,9828
2701,9816
2702,9860
2703,9822
2704,9846
2705,9876
2706,9882
2707,9856
2708,9860
2709,9866
2710,9880
2711,9884
2712,9864
2713,9826
2714,9844
2715,9848
2716,9856
2717,9872
2718,9874
2719,9872
2720,9848
2721,9872
2722,9846
2723,9814
2724,9860
2725,9858
2726,9850
2727,9850
2728,9848
2729,9866
2730,9832
2731,9816
2732,9822
2733,9814
2734,9820
2735,9864
2736,9860
2737,9850
2738,9858
2739,9828
2740,9868
2741,9858
2742,9848
2743,9864
2744,9840
2745,9880
2746,9872
2747,9866
2748,9884
2749,9872
2750,9884
2751,9872
2752,9868
2753,9862
2754,9858
2755,9866
2756,9862
2757,9858
2758,9872
2759,9878
2760,9892
2761,9876
2762,9890
2763,9860
2764,9826
2765,9886
2766,9894
2767,9884
2768,9880
2769,9906
2770,9896
2771,9890
2772,9900
2773,9864
2774,9884
2775,9876
2776,9868
2777,9858
2778,9862
2779,9874
2780,9864
2781,9898
2782,9902
2783,9882
2784,9864
2785,9872
2786,9882
2787,9868
2788,9856
2789,9848
2790,9860
2791,9864
2792,9856
2793,9872
2794,9858
2795,9856
2796,9896
2797,9846
2798,9854
2799,9858
2800,9866
2801,9884
2802,9858
2803,9848
2804,9882
2805,9876
2806,9868
2807,9868
2808,9866
2809,9854
2810,9866
2811,9852
2812,9852
2813,9844
2814,9834
2815,9854
2816,9854
2817,9838
2818,9868
2819,9848
2820,9842
2821,9844
2822,9844
2823,9870
2824,9866
2825,9876
2826,9902
2827,9880
2828,9874
2829,9882
2830,9866
2831,9852
2832,9866
2833,9864
2834,9840
2835,9864
2836,9880
2837,9860
2838,9864
2839,9858
2840,9862
2841,9854
2842,9866
2843,9848
2844,9870
2845,9856
2846,9852
2847,9886
2848,9864
2849,9876
2850,9856
2851,9848
2852,9842
2853,9862
2854,9852
2855,9832
2856,9812
2857,9852
2858,9870
2859,9858
2860,9834
2861,9848
2862,9866
2863,9834
2864,9870
2865,9888
2866,9892
2867,9900
2868,9880
2869,9874
2870,9880
2871,9884
2872,9870
2873,9874
2874,9888
2875,9856
2876,9880
2877,9866
2878,9854
2879,9826
2880,9832
2881,9888
2882,9858
2883,9876
2884,9880
2885,9872
2886,9864
2887,9834
2888,9848
2889,9842
2890,9852
2891,9844
2892,9842
2893,9864
2894,9890
2895,9898
2896,9902
2897,9896
2898,9888
2899,9858
2900,9890
2901,9868
2902,9866
2903,9878
2904,9894
2905,9892
2906,9888
2907,9870
2908,9846
2909,9846
2910,9850
2911,9858
2912,9842
2913,9842
2914,9856
2915,9864
2916,9880
2917,9882
2918,9882
2919,9882
2920,9846
2921,9882
2922,9864
2923,9874
2924,9866
2925,9882
2926,9890
2927,9900
2928,9894
2929,9846
2930,9870
2931,9872
2932,9890
2933,9858
2934,9880
2935,9884
2936,9866
2937,9882
2938,9908
2939,9876
2940,9888
2941,9896
2942,9862
2943,9874
2944,9862
2945,9876
2946,9886
2947,9866
2948,9880
2949,9878
2950,9880
2951,9844
2952,9866
2953,9848
2954,9856
2955,9894
2956,9886
2957,9868
2958,9862
2959,9864
2960,9812
2961,9848
2962,9880
2963,9878
2964,9864
2965,9862
2966,9862
2967,9880
2968,9866
2969,9840
2970,9870
2971,9896
2972,9896
2973,9862
2974,9872
2975,9874
2976,9890
2977,9878
2978,9888
2979,9878
2980,9852
2981,9864
2982,9856
2983,9892
2984,9896
2985,9876
2986,9848
2987,9862
2988,9866
2989,9852
2990,9838
2991,9844
2992,9836
2993,9830
2994,9834
2995,9858
2996,9880
2997,9900
2998,9912
2999,9876
3000,9884
3001,9876
3002,9874
3003,9876
3004,9872
3005,9892
3006,9866
3007,9880
3008,9876
3009,9856
3010,9830
3011,9850
3012,9860
3013,9848
3014,9872
3015,9876
3016,9874
3017,9890
3018,9900
3019,9884
3020,9872
3021,9882
3022,9888
3023,9888
3024,9868
3025,9908
3026,9880
3027,9884
3028,9890
3029,9884
3030,9864
3031,9868
3032,9878
3033,9848
3034,9838
3035,9864
3036,9852
3037,9832
3038,9870
3039,9854
3040,9836
3041,9818
3042,9838
3043,9838
3044,9850
3045,9844
3046,9886
3047,9874
3048,9872
3049,9884
3050,9884
3051,9862
3052,9852
3053,9864
3054,9886
3055,9840
3056,9844
3057,9864
3058,9880
3059,9854
3060,9826
3061,9816
3062,9832
3063,9866
3064,9888
3065,9882
3066,9856
3067,9886
3068,9854
3069,9870
3070,9874
3071,9888
3072,9892
3073,9884
3074,9900
3075,9876
3076,9858
3077,9852
3078,9880
3079,9880
3080,9872
3081,9884
3082,9874
3083,9868
3084,9886
3085,9876
3086,9856
3087,9862
3088,9834
3089,9826
3090,9830
3091,9852
3092,9846
3093,9846
3094,9872
3095,9838
3096,9842
3097,9836
3098,9832
3099,9842
3100,9842
3101,9870
3102,9884
3103,9834
3104,9830
3105,9850
3106,9806
3107,9848
3108,9866
3109,9864
3110,9886
3111,9872
3112,9874
3113,9860
3114,9886
3115,9852
3116,9880
3117,9902
3118,9894
3119,9898
3120,9866
3121,9866
3122,9866
3123,9854
3124,9858
3125,9866
3126,9872
3127,9850
3128,9860
3129,9850
3130,9848
3131,9882
3132,9870
3133,9842
3134,9884
3135,9890
3136,9866
3137,9872
3138,9872
3139,9898
3140,9878
3141,9862
3142,9856
3143,9892
3144,9866
3145,9890
3146,9902
3147,9898
3148,9900
3149,9886
3150,9872
3151,9840
3152,9870
3153,9892
3154,9868
3155,9874
3156,9872
3157,9884
3158,9832
3159,9842
3160,9834
3161,9848
3162,9884
3163,9888
3164,9850
3165,9874
3166,9840
3167,9870
3168,9886
3169,9904
3170,9894
3171,9896
3172,9856
3173,9862
3174,9880
3175,9890
3176,9872
3177,9854
3178,9860
3179,9868
3180,9854
3181,9864
3182,9876
3183,9892
3184,9876
3185,9876
3186,9856
3187,9876
3188,9870
3189,9892
3190,9902
3191,9888
3192,9868
3193,9846
3194,9824
3195,9868
3196,9908
3197,9880
3198,9898
3199,9890
3200,9890
3201,9868
3202,9884
3203,9884
3204,9886
3205,9866
3206,9866
3207,9850
3208,9878
3209,9872
3210,9886
3211,9878
3212,9868
3213,9864
3214,9852
3215,9874
3216,9856
3217,9866
3218,9850
3219,9856
3220,9834
3221,9868
3222,9866
3223,9852
3224,9858
3225,9892
3226,9878
3227,9894
3228,9882
3229,9872
3230,9842
3231,9842
3232,9872
3233,9876
3234,9886
3235,9858
3236,9848
3237,9836
3238,9846
3239,9854
3240,9866
3241,9878
3242,9870
3243,9840
3244,9852
3245,9858
3246,9876
3247,9884
3248,9888
3249,9858
3250,9878
3251,9864
3252,9890
3253,9866
3254,9860
3255,9860
3256,9862
3257,9860
3258,9870
3259,9848
3260,9832
3261,9842
3262,9870
3263,9876
3264,9880
3265,9876
3266,9884
3267,9862
3268,9836
3269,9862
3270,9862
3271,9884
3272,9864
3273,9836
3274,9844
3275,9872
3276,9866
3277,9868
3278,9822
3279,9814
3280,9814
3281,9854
3282,9890
3283,9894
3284,9874
3285,9886
3286,9866
3287,9852
3288,9864
3289,9832
3290,9876
3291,9860
3292,9870
3293,9872
3294,9866
3295,9814
3296,9844
3297,9842
3298,9858
3299,9860
3300,9864
3301,9852
3302,9878
3303,9876
3304,9876
3305,9866
3306,9880
3307,9874
3308,9856
3309,9868
3310,9884
3311,9882
3312,9876
3313,9866
3314,9830
3315,9840
3316,9850
3317,9834
3318,9870
3319,9870
3320,9830
3321,9864
3322,9898
3323,9884
3324,9878
3325,9890
3326,9856
3327,9838
3328,9878
3329,9874
3330,9852
3331,9862
3332,9860
3333,9846
3334,9846
3335,9868
3336,9866
3337,9872
3338,9870
3339,9876
3340,9854
3341,9866
3342,9870
3343,9864
3344,9858
3345,9862
3346,9844
3347,9854
3348,9836
3349,9858
3350,9880
3351,9848
3352,9872
3353,9838
3354,9848
3355,9862
3356,9866
3357,9852
3358,9870
3359,9878
3360,9892
3361,9848
3362,9858
3363,9840
3364,9842
3365,9842
3366,9838
3367,9836
3368,9826
3369,9854
3370,9864
3371,9848
3372,9862
3373,9846
3374,9858
3375,9850
3376,9846
3377,9848
3378,9856
3379,9870
3380,9880
3381,9864
3382,9868
3383,9858
3384,9882
3385,9916
3386,9914
3387,9894
3388,9886
3389,9864
3390,9858
3391,9902
3392,9892
3393,9850
3394,9854
3395,9854
3396,9848
3397,9826
3398,9868
3399,9854
3400,9850
3401,9874
3402,9886
3403,9858
3404,9866
3405,9894
3406,9880
3407,9908
3408,9904
3409,9898
3410,9896
3411,9874
3412,9864
3413,9852
3414,9852
3415,9862
3416,9862
3417,9838
3418,9840
3419,9856
3420,9832
3421,9870
3422,9892
3423,9896
3424,9866
3425,9862
3426,9874
3427,9872
3428,9874
3429,9848
3430,9834
3431,9864
3432,9884
3433,9868
3434,9826
3435,9842
3436,9856
3437,9870
3438,9876
3439,9862
3440,9862
3441,9874
3442,9884
3443,9894
3444,9880
3445,9876
3446,9868
3447,9856
3448,9830
3449,9860
3450,9868
3451,9834
3452,9844
3453,9838
3454,9854
3455,9858
3456,9876
3457,9878
3458,9856
3459,9872
3460,9846
3461,9870
3462,9862
3463,9866
3464,9888
3465,9862
3466,9872
3467,9872
3468,9892
3469,9878
3470,9860
3471,9868
3472,9872
3473,9880
3474,9844
3475,9838
3476,9870
3477,9852
3478,9850
3479,9862
3480,9894
3481,9892
3482,9908
3483,9872
3484,9878
3485,9896
3486,9890
3487,9886
3488,9898
3489,9884
3490,9892
3491,9892
3492,9870
3493,9874
3494,9884
3495,9886
3496,9864
3497,9876
3498,9870
3499,9846
3500,9852
3501,9852
3502,9816
3503,9830
3504,9878
3505,9884
3506,9866
3507,9888
3508,9878
3509,9854
3510,9860
3511,9880
3512,9882
3513,9880
3514,9842
3515,9886
3516,9854
3517,9878
3518,9858
3519,9844
3520,9856
3521,9864
3522,9870
3523,9856
3524,9860
3525,9862
3526,9852
3527,9856
3528,9862
3529,9864
3530,9880
3531,9886
3532,9874
3533,9884
3534,9860
3535,9878
3536,9870
3537,9886
3538,9882
3539,9886
3540,9896
3541,9912
3542,9884
3543,9870
3544,9898
3545,9874
3546,9828
3547,9836
3548,9834
3549,9840
3550,9844
3551,9838
3552,9850
3553,9838
3554,9830
3555,9872
3556,9834
3557,9850
3558,9872
3559,9876
3560,9882
3561,9898
3562,9860
3563,9852
3564,9860
3565,9854
3566,9842
3567,9840
3568,9820
3569,9800
3570,9842
3571,9854
3572,9882
3573,9858
3574,9848
3575,9880
3576,9860
3577,9878
3578,9864
3579,9864
3580,9878
3581,9864
3582,9856
3583,9820
3584,9834
3585,9858
3586,9866
3587,9864
3588,9876
3589,9878
3590,9886
3591,9900
3592,9856
3593,9868
3594,9848
3595,9854
3596,9886
3597,9884
3598,9880
3599,9878
3600,9904
3601,9882
3602,9904
3603,9884
3604,9872
3605,9870
3606,9854
3607,9862
3608,9876
3609,9850
3610,9832
3611,9844
3612,9862
3613,9876
3614,9870
3615,9868
3616,9838
3617,9880
3618,9866
3619,9854
3620,9862
3621,9850
3622,9828
3623,9848
3624,9868
3625,9870
3626,9874
3627,9832
3628,9868
3629,9872
3630,9912
3631,9906
3632,9896
3633,9888
3634,9906
3635,9886
3636,9866
3637,9854
3638,9872
3639,9874
3640,9838
3641,9830
3642,9868
3643,9896
3644,9884
3645,9876
3646,9876
3647,9874
3648,9854
3649,9870
3650,9866
3651,9876
3652,9902
3653,9912
3654,9882
3655,9870
3656,9860
3657,9842
3658,9828
3659,9850
3660,9840
3661,9868
3662,9874
3663,9860
3664,9892
3665,9902
3666,9868
3667,9880
3668,9862
3669,9852
3670,9866
3671,9840
3672,9860
3673,9848
3674,9850
3675,9852
3676,9878
3677,9858
3678,9850
3679,9860
3680,9828
3681,9864
3682,9856
3683,9866
3684,9874
3685,9882
3686,9886
3687,9898
3688,9886
3689,9878
3690,9852
3691,9836
3692,9842
3693,9870
3694,9874
3695,9840
3696,9856
3697,9888
3698,9880
3699,9866
3700,9862
3701,9854
3702,9856
3703,9864
3704,9876
3705,9882
3706,9888
3707,9882
3708,9884
3709,9870
3710,9836
3711,9816
3712,9846
3713,9870
3714,9872
3715,9846
3716,9838
3717,9850
3718,9874
3719,9884
3720,9860
3721,9864
3722,9814
3723,9820
3724,9866
3725,9874
3726,9866
3727,9862
3728,9858
3729,9854
3730,9886
3731,9850
3732,9844
3733,9848
3734,9860
3735,9870
3736,9870
3737,9868
3738,9874
3739,9840
3740,9868
3741,9864
3742,9894
3743,9886
3744,9856
3745,9886
3746,9870
3747,9848
3748,9886
3749,9874
3750,9864
3751,9866
3752,9872
3753,9884
3754,9882
3755,9882
3756,9870
3757,9858
3758,9852
3759,9880
3760,9860
3761,9836
3762,9840
3763,9818
3764,9846
3765,9890
3766,9900
3767,9882
3768,9912
3769,9920
3770,9898
3771,9888
3772,9878
3773,9866
3774,9898
3775,9866
3776,9870
3777,9886
3778,9884
3779,9870
3780,9856
3781,9866
3782,9844
3783,9856
3784,9850
3785,9880
3786,9868
3787,9858
3788,9868
3789,9866
3790,9852
3791,9822
3792,9864
3793,9840
3794,9848
3795,9846
3796,9834
3797,9858
3798,9828
3799,9856
3800,9848
3801,9888
3802,9866
3803,9866
3804,9890
3805,9868
3806,9850
3807,9870
3808,9856
3809,9862
3810,9888
3811,9902
3812,9884
3813,9896
3814,9872
3815,9856
3816,9844
3817,9872
3818,9902
3819,9874
3820,9874
3821,9860
3822,9878
3823,9826
3824,9862
3825,9898
3826,9886
3827,9836
3828,9870
3829,9890
3830,9898
3831,9852
3832,9886
3833,9874
3834,9882
3835,9886
3836,9846
3837,9870
3838,9860
3839,9876
3840,9872
3841,9856
3842,9878
3843,9830
3844,9850
3845,9868
3846,9856
3847,9858
3848,9852
3849,9868
3850,9864
3851,9898
3852,9882
3853,9886
3854,9864
3855,9862
3856,9864
3857,9856
3858,9842
3859,9862
3860,9896
3861,9870
3862,9852
3863,9834
3864,9846
3865,9844
3866,9880
3867,9888
3868,9902
3869,9884
3870,9860
3871,9868
3872,9852
3873,9842
3874,9862
3875,9876
3876,9864
3877,9888
3878,9892
3879,9872
3880,9860
3881,9880
3882,9876
3883,9896
3884,9906
3885,9876
3886,9874
3887,9860
3888,9878
3889,9900
3890,9890
3891,9864
3892,9860
3893,9874
3894,9830
3895,9874
3896,9872
3897,9860
3898,9854
3899,9850
3900,9830
3901,9838
3902,9852
3903,9866
3904,9880
3905,9876
3906,9870
3907,9898
3908,9864
3909,9848
3910,9836
3911,9848
3912,9850
3913,9828
3914,9852
3915,9852
3916,9852
3917,9866
3918,9850
3919,9868
3920,9892
3921,9872
3922,9852
3923,9856
3924,9884
3925,9862
3926,9828
3927,9870
3928,9880
3929,9860
3930,9850
3931,9836
3932,9864
3933,9850
3934,9848
3935,9866
3936,9838
3937,9868
3938,9886
3939,9878
3940,9868
3941,9852
3942,9878
3943,9880
3944,9866
3945,9816
3946,9844
3947,9852
3948,9846
3949,9858
3950,9858
3951,9854
3952,9882
3953,9894
3954,9870
3955,9834
3956,9846
3957,9870
3958,9860
3959,9884
3960,9894
3961,9896
3962,9858
3963,9870
3964,9882
3965,9900
3966,9878
3967,9878
3968,9872
3969,9878
3970,9892
3971,9858
3972,9850
3973,9836
3974,9850
3975,9888
3976,9880
3977,9880
3978,9872
3979,9876
3980,9868
3981,9854
3982,9884
3983,9892
3984,9856
3985,9856
3986,9826
3987,9846
3988,9822
3989,9842
3990,9848
3991,9868
3992,9888
3993,9848
3994,9890
3995,9878
3996,9854
3997,9842
3998,9860
3999,9848
4000,9868
4001,9880
4002,9880
4003,9830
4004,9842
4005,9856
4006,9890
4007,9862
4008,9872
4009,9882
4010,9838
4011,9854
4012,9846
4013,9868
4014,9904
4015,9878
4016,9862
4017,9882
4018,9866
4019,9850
4020,9860
4021,9844
4022,9882
4023,9898
4024,9870
4025,9882
4026,9860
4027,9874
4028,9898
4029,9856
4030,9878
4031,9870
4032,9874
4033,9856
4034,9884
4035,9886
4036,9874
4037,9874
4038,9872
4039,9898
4040,9884
4041,9876
4042,9890
4043,9852
4044,9872
4045,9862
4046,9864
4047,9874
4048,9882
4049,9896
4050,9866
4051,9866
4052,9902
4053,9886
4054,9864
4055,9866
4056,9860
4057,9864
4058,9884
4059,9892
4060,9878
4061,9892
4062,9882
4063,9850
4064,9886
4065,9860
4066,9856
4067,9854
4068,9872
4069,9876
4070,9864
4071,9834
4072,9844
4073,9864
4074,9828
4075,9836
4076,9846
4077,9848
4078,9872
4079,9852
4080,9876
4081,9876
4082,9884
4083,9870
4084,9858
4085,9866
4086,9888
4087,9852
4088,9860
4089,9866
4090,9846
4091,9842
4092,9866
4093,9874
4094,9848
4095,9864
4096,9874
4097,9896
4098,9868
4099,9850
4100,9864
4101,9870
4102,9880
4103,9874
4104,9866
4105,9864
4106,9864
4107,9860
4108,9864
4109,9880
4110,9870
4111,9868
4112,9882
4113,9898
4114,9878
4115,9834
4116,9864
4117,9878
4118,9884
4119,9856
4120,9880
4121,9870
4122,9852
4123,9834
4124,9872
4125,9876
4126,9868
4127,9828
4128,9856
4129,9834
4130,9878
4131,9880
4132,9858
4133,9860
4134,9858
4135,9860
4136,9848
4137,9874
4138,9874
4139,9846
4140,9858
4141,9878
4142,9868
4143,9870
4144,9894
4145,9838
4146,9886
4147,9854
4148,9884
4149,9894
4150,9876
4151,9874
4152,9876
4153,9886
4154,9858
4155,9858
4156,9854
4157,9854
4158,9860
4159,9870
4160,9858
4161,9876
4162,9858
4163,9862
4164,9874
4165,9844
4166,9824
4167,9850
4168,9860
4169,9884
4170,9904
4171,9890
4172,9876
4173,9850
4174,9878
4175,9888
4176,9902
4177,9872
4178,9888
4179,9884
4180,9858
4181,9870
4182,9880
4183,9878
4184,9850
4185,9884
4186,9878
4187,9872
4188,9842
4189,9866
4190,9874
4191,9860
4192,9900
4193,9884
4194,9872
4195,9866
4196,9872
4197,9868
4198,9876
4199,9882
4200,9874
4201,9874
4202,9896
4203,9878
4204,9858
4205,9850
4206,9866
4207,9838
4208,9840
4209,9846
4210,9830
4211,9830
4212,9836
4213,9858
4214,9852
4215,9866
4216,9878
4217,9890
4218,9864
4219,9864
4220,9872
4221,9886
4222,9866
4223,9886
4224,9890
4225,9846
4226,9842
4227,9834
4228,9820
4229,9822
4230,9840
4231,9892
4232,9874
4233,9890
4234,9890
4235,9890
4236,9862
4237,9852
4238,9840
4239,9830
4240,9850
4241,9890
4242,9886
4243,9880
4244,9894
4245,9874
4246,9854
4247,9882
4248,9876
4249,9884
4250,9886
4251,9872
4252,9848
4253,9838
4254,9846
4255,9856
4256,9854
4257,9882
4258,9856
4259,9870
4260,9892
4261,9866
4262,9854
4263,9856
4264,9866
4265,9854
4266,9828
4267,9818
4268,9846
4269,9870
4270,9852
4271,9866
4272,9894
4273,9878
4274,9914
4275,9872
4276,9864
4277,9880
4278,9872
4279,9876
4280,9840
4281,9842
4282,9850
4283,9852
4284,9850
4285,9860
4286,9842
4287,9840
4288,9824
4289,9846
4290,9852
4291,9854
4292,9854
4293,9880
4294,9878
4295,9850
4296,9850
4297,9852
4298,9860
4299,9884
4300,9874
4301,9870
4302,9874
4303,9870
4304,9864
4305,9868
4306,9860
4307,9876
4308,9878
4309,9878
4310,9892
4311,9898
4312,9872
4313,9892
4314,9890
4315,9890
4316,9894
4317,9894
4318,9890
4319,9896
4320,9886
4321,9894
4322,9890
4323,9892
4324,9870
4325,9852
4326,9854
4327,9870
4328,9856
4329,9884
4330,9882
4331,9906
4332,9898
4333,9856
4334,9856
4335,9860
4336,9896
4337,9878
4338,9882
4339,9864
4340,9868
4341,9872
4342,9852
4343,9876
4344,9880
4345,9858
4346,9860
4347,9908
4348,9884
4349,9886
4350,9896
4351,9860
4352,9884
4353,9882
4354,9876
4355,9822
4356,9850
4357,9864
4358,9860
4359,9880
4360,9866
4361,9880
4362,9876
4363,9874
4364,9874
4365,9844
4366,9856
4367,9840
4368,9828
4369,9844
4370,9874
4371,9860
4372,9872
4373,9836
4374,9878
4375,9844
4376,9860
4377,9860
4378,9830
4379,9822
4380,9812
4381,9866
4382,9896
4383,9892
4384,9860
4385,9870
4386,9854
4387,9860
4388,9870
4389,9888
4390,9876
4391,9878
4392,9882
4393,9898
4394,9882
4395,9884
4396,9886
4397,9892
4398,9874
4399,9862
4400,9866
4401,9862
4402,9860
4403,9850
4404,9862
4405,9846
4406,9830
4407,9836
4408,9846
4409,9822
4410,9846
4411,9866
4412,9858
4413,9854
4414,9878
4415,9862
4416,9868
4417,9848
4418,9848
4419,9854
4420,9870
4421,9840
4422,9840
4423,9858
4424,9844
4425,9828
4426,9848
4427,9816
4428,9824
4429,9858
4430,9874
4431,9846
4432,9868
4433,9862
4434,9870
4435,9892
4436,9888
4437,9864
4438,9864
4439,9878
4440,9844
4441,9826
4442,9864
4443,9872
4444,9850
4445,9832
4446,9866
4447,9850
4448,9844
4449,9834
4450,9842
4451,9882
4452,9886
4453,9904
4454,9866
4455,9834
4456,9862
4457,9842
4458,9836
4459,9854
4460,9864
4461,9870
4462,9854
4463,9856
4464,9870
4465,9892
4466,9890
4467,9862
4468,9856
4469,9836
4470,9854
4471,9872
4472,9866
4473,9892
4474,9896
4475,9894
4476,9880
4477,9882
4478,9850
4479,9852
4480,9856
4481,9852
4482,9850
4483,9822
4484,9838
4485,9834
4486,9832
4487,9848
4488,9848
4489,9844
4490,9888
4491,9878
4492,9848
4493,9852
4494,9846
4495,9848
4496,9842
4497,9862
4498,9872
4499,9856
4500,9912
4501,9900
4502,9870
4503,9910
4504,9896
4505,9894
4506,9900
4507,9872
4508,9870
4509,9850
4510,9812
4511,9824
4512,9850
4513,9854
4514,9838
4515,9848
4516,9896
4517,9900
4518,9878
4519,9872
4520,9870
4521,9878
4522,9884
4523,9876
4524,9860
4525,9860
4526,9866
4527,9848
4528,9858
4529,9850
4530,9860
4531,9870
4532,9892
4533,9860
4534,9844
4535,9890
4536,9876
4537,9860
4538,9844
4539,9832
4540,9864
4541,9862
4542,9872
4543,9870
4544,9876
4545,9874
4546,9882
4547,9856
4548,9882
4549,9848
4550,9838
4551,9866
4552,9810
4553,9850
4554,9842
4555,9854
4556,9866
4557,9864
4558,9832
4559,9822
4560,9834
4561,9842
4562,9828
4563,9830
4564,9844
4565,9866
4566,9880
4567,9868
4568,9872
4569,9878
4570,9882
4571,9882
4572,9872
4573,9884
4574,9906
4575,9894
4576,9914
4577,9898
4578,9868
4579,9864
4580,9876
4581,9878
4582,9836
4583,9868
4584,9850
4585,9874
4586,9856
4587,9878
4588,9844
4589,9894
4590,9884
4591,9876
4592,9884
4593,9870
4594,9850
4595,9848
4596,9874
4597,9868
4598,9882
4599,9846
4600,9838
4601,9812
4602,9844
4603,9868
4604,9872
4605,9860
4606,9894
4607,9874
4608,9876
4609,9864
4610,9882
4611,9858
4612,9862
4613,9862
4614,9888
4615,9876
4616,9858
4617,9842
4618,9800
4619,9844
4620,9838
4621,9840
4622,9832
4623,9852
4624,9864
4625,9864
4626,9856
4627,9860
4628,9872
4629,9838
4630,9866
4631,9868
4632,9878
4633,9860
4634,9870
4635,9850
4636,9884
4637,9830
4638,9816
4639,9846
4640,9840
4641,9854
4642,9890
4643,9862
4644,9844
4645,9850
4646,9848
4647,9882
4648,9866
4649,9866
4650,9866
4651,9882
4652,9900
4653,9878
4654,9874
4655,9872
4656,9884
4657,9882
4658,9856
4659,9898
4660,9876
4661,9866
4662,9886
4663,9888
4664,9874
4665,9862
4666,9862
4667,9862
4668,9862
4669,9862
4670,9858
4671,9878
4672,9854
4673,9842
4674,9850
4675,9840
4676,9852
4677,9866
4678,9872
4679,9886
4680,9890
4681,9856
4682,9882
4683,9880
4684,9872
4685,9878
4686,9894
4687,9876
4688,9842
4689,9828
4690,9880
4691,9890
4692,9864
4693,9874
4694,9868
4695,9866
4696,9860
4697,9874
4698,9880
4699,9884
4700,9890
4701,9852
4702,9872
4703,9846
4704,9866
4705,9832
4706,9826
4707,9822
4708,9802
4709,9834
4710,9820
4711,9864
4712,9856
4713,9848
4714,9840
4715,9826
4716,9838
4717,9836
4718,9862
4719,9842
4720,9818
4721,9852
4722,9846
4723,9846
4724,9848
4725,9878
4726,9880
4727,9842
4728,9866
4729,9868
4730,9866
4731,9856
4732,9852
4733,9860
4734,9862
4735,9874
4736,9862
4737,9858
4738,9886
4739,9858
4740,9874
4741,9886
4742,9890
4743,9876
4744,9896
4745,9896
4746,9870
4747,9864
4748,9872
4749,9870
4750,9844
4751,9868
4752,9866
4753,9844
4754,9842
4755,9868
4756,9886
4757,9846
4758,9880
4759,9830
4760,9824
4761,9814
4762,9840
4763,9860
4764,9850
4765,9852
4766,9874
4767,9846
4768,9844
4769,9894
4770,9912
4771,9896
4772,9884
4773,9874
4774,9890
4775,9858
4776,9864
4777,9874
4778,9890
4779,9866
4780,9876
4781,9892
4782,9862
4783,9858
4784,9828
4785,9824
4786,9808
4787,9822
4788,9864
4789,9852
4790,9860
4791,9862
4792,9854
4793,9892
4794,9862
4795,9862
4796,9882
4797,9868
4798,9854
4799,9868
4800,9870
4801,9854
4802,9870
4803,9908
4804,9892
4805,9896
4806,9886
4807,9880
4808,9872
4809,9858
4810,9822
4811,9876
4812,9858
4813,9858
4814,9884
4815,9870
4816,9882
4817,9876
4818,9884
4819,9858
4820,9860
4821,9834
4822,9862
4823,9872
4824,9880
4825,9874
4826,9850
4827,9866
4828,9864
4829,9866
4830,9886
4831,9888
4832,9880
4833,9872
4834,9884
4835,9868
4836,9846
4837,9856
4838,9858
4839,9852
4840,9832
4841,9852
4842,9860
4843,9874
4844,9868
4845,9890
4846,9844
4847,9850
4848,9832
4849,9808
4850,9842
4851,9862
4852,9872
4853,9888
4854,9876
4855,9868
4856,9858
4857,9876
4858,9874
4859,9854
4860,9870
4861,9856
4862,9884
4863,9866
4864,9844
4865,9836
4866,9876
4867,9858
4868,9840
4869,9830
4870,9856
4871,9854
4872,9854
4873,9882
4874,9882
4875,9844
4876,9870
4877,9878
4878,9878
4879,9870
4880,9904
4881,9874
4882,9864
4883,9868
4884,9888
4885,9882
4886,9872
4887,9900
4888,9902
4889,9864
4890,9838
4891,9848
4892,9862
4893,9872
4894,9884
4895,9874
4896,9854
4897,9880
4898,9890
4899,9884
4900,9890
4901,9898
4902,9872
4903,9884
4904,9884
4905,9892
4906,9876
4907,9864
4908,9870
4909,9844
4910,9832
4911,9876
4912,9848
4913,9872
4914,9860
4915,9864
4916,9868
4917,9864
4918,9864
4919,9868
4920,9846
4921,9850
4922,9860
4923,9866
4924,9876
4925,9892
4926,9860
4927,9874
4928,9854
4929,9880
4930,9864
4931,9850
4932,9874
4933,9856
4934,9872
4935,9872
4936,9842
4937,9864
4938,9886
4939,9892
4940,9904
4941,9878
4942,9858
4943,9876
4944,9870
4945,9872
4946,9866
4947,9872
4948,9892
4949,9856
4950,9816
4951,9860
4952,9872
4953,9862
4954,9862
4955,9884
4956,9900
4957,9852
4958,9856
4959,9864
4960,9854
4961,9850
4962,9850
4963,9852
4964,9846
4965,9826
4966,9822
4967,9852
4968,9850
4969,9842
4970,9866
4971,9870
4972,9880
4973,9880
4974,9888
4975,9878
4976,9868
4977,9878
4978,9874
4979,9868
4980,9874
4981,9876
4982,9866
4983,9826
4984,9842
4985,9864
4986,9892
4987,9876
4988,9888
4989,9858
4990,9868
4991,9872
4992,9912
4993,9922
4994,9914
4995,9908
4996,9894
4997,9900
4998,9874
4999,9830
